1 8 2 1 0.030303030303030304 0.007930785868781542 0.029479661421710403 0.01257142857142857 0.007989184757987386 190 4161 0.045662100456621 0.302066772655008
2 8 2 189 0.3129139072847682 0.14515741408315308 0.3093739140323198 0.19831747369152525 0.14593202517080736 190 4161 0.045662100456621 0.302066772655008
12 8 2 190 0.302066772655008 0.15116558519586637 0.29911046274918734 0.20149532426652145 0.15191699123025426 190 4161 0.045662100456621 0.302066772655008
1 8 4 2 0.022988505747126436 0.02090843547224225 0.02296588441001435 0.021899188219747026 0.020927183546903972 39 4161 0.009372746935832732 0.1598360655737705
2 8 4 37 0.22981366459627328 0.038692621965873586 0.2190985110651381 0.06623378067356764 0.039013862420818154 39 4161 0.009372746935832732 0.1598360655737705
12 8 4 39 0.1598360655737705 0.05863975006008171 0.15715091812640505 0.08580123075535918 0.05900965627739074 39 4161 0.009372746935832732 0.1598360655737705
1 8 8 4 0.029197080291970802 0.03292477769766883 0.02922984625654329 0.03094908649366052 0.03288321018269704 228 4161 0.0547945205479452 0.28182941903584674
2 8 8 229 0.32253521126760565 0.17063205960105743 0.3197171481990229 0.22318937465381897 0.1714314497186583 228 4161 0.0547945205479452 0.28182941903584674
12 8 8 228 0.28182941903584674 0.19442441720740206 0.2805805363414458 0.23010636924280292 0.19502326300406275 228 4161 0.0547945205479452 0.28182941903584674
1 8 16 0 0.0 0.004325883201153569 0 0 0 244 4161 0.05863975006008171 0.3193717277486911
2 8 16 244 0.3249001331557923 0.18048546022590722 0.3223464289640561 0.23205944462209166 0.1812832671062364 244 4161 0.05863975006008171 0.3193717277486911
12 8 16 244 0.3193717277486911 0.18360970920451813 0.3170506487812622 0.2331686450111946 0.18438575582661626 244 4161 0.05863975006008171 0.3193717277486911
1 8 32 2 0.05405405405405406 0.008892093246815669 0.05146603131756897 0.015271901764523784 0.008966264340444521 246 4161 0.05912040374909877 0.31906614785992216
2 8 32 244 0.32620320855614976 0.17976447969238163 0.3235932706434281 0.23179246984355992 0.18056705327205072 246 4161 0.05912040374909877 0.31906614785992216
12 8 32 246 0.31906614785992216 0.18529199711607786 0.31680159984901685 0.23443818381048265 0.18606438124773314 246 4161 0.05912040374909877 0.31906614785992216
1 8 64 19 0.0521978021978022 0.0874789714011055 0.05240707260948007 0.06538252463898277 0.08689743575708388 63 4161 0.01514059120403749 0.12022900763358779
2 8 64 45 0.24064171122994651 0.04494111992309541 0.23069531736671603 0.07573780229868504 0.045305919906368355 63 4161 0.01514059120403749 0.12022900763358779
12 8 64 63 0.12022900763358779 0.12593126652247055 0.12028293335908634 0.12301409117247572 0.12587215856195633 63 4161 0.01514059120403749 0.12022900763358779
1 8 128 0 0.0 0.003604902667627974 0 0 0 155 4161 0.037250660898822396 0.3436807095343681
2 8 128 155 0.3522727272727273 0.1057438115837539 0.3443246935571712 0.1626607676300302 0.10648161745951017 155 4161 0.037250660898822396 0.3436807095343681
12 8 128 155 0.3436807095343681 0.10838740687334775 0.33644920158655767 0.16480109765240064 0.10912712412224744 155 4161 0.037250660898822396 0.3436807095343681
1 8 256 7 0.0546875 0.030761836097092043 0.05426958603968631 0.03937509613060579 0.030895665675685642 94 4161 0.02259072338380197 0.2146118721461187
2 8 256 90 0.2727272727272727 0.07930785868781542 0.26629700945182605 0.12288214485198287 0.0798686827538281 94 4161 0.02259072338380197 0.2146118721461187
12 8 256 94 0.2146118721461187 0.10526315789473684 0.2124270019913633 0.14124718256949662 0.10579687534823598 94 4161 0.02259072338380197 0.2146118721461187
1 8 512 1 0.014285714285714285 0.01682287911559721 0.014307078057556141 0.015450833241364089 0.01679334916864608 105 4161 0.025234318673395817 0.24647887323943662
2 8 512 104 0.2857142857142857 0.0874789714011055 0.27944451623201405 0.13394664213431462 0.0880840684853393 105 4161 0.025234318673395817 0.24647887323943662
12 8 512 105 0.24647887323943662 0.10237923576063446 0.24309122034727318 0.14466809297180863 0.1029753025029007 105 4161 0.025234318673395817 0.24647887323943662
1 8 1024 6 0.09375 0.015380918048546022 0.08924766318579917 0.02642626109696511 0.015509282215831111 75 4161 0.01802451333813987 0.20161290322580644
2 8 1024 70 0.22012578616352202 0.07642393655371305 0.21610258687559294 0.11345739231486719 0.07692111885114487 75 4161 0.01802451333813987 0.20161290322580644
12 8 1024 75 0.20161290322580644 0.08940158615717375 0.1991381914741378 0.1238736488781443 0.08989697020508339 75 4161 0.01802451333813987 0.20161290322580644
1 3 2 0 0 0.0 0 0 0 186 4161 0.044700793078586876 0.3147208121827411
2 3 2 186 0.3141891891891892 0.1422734919490507 0.31047472294097883 0.19585738298307556 0.143048464144296 186 4161 0.044700793078586876 0.3147208121827411
12 3 2 186 0.3147208121827411 0.14203316510454217 0.3109773036536897 0.19573247437962227 0.14280900126403515 186 4161 0.044700793078586876 0.3147208121827411
1 3 4 24 0.06153846153846154 0.09372746935832732 0.06174842572082939 0.07429632804686384 0.09324456280514867 70 4161 0.01682287911559721 0.112
2 3 4 48 0.17266187050359713 0.06681086277337178 0.16999523721110454 0.09634239671927569 0.06721887050448268 70 4161 0.01682287911559721 0.112
12 3 4 70 0.112 0.15020427781783224 0.11228276223599415 0.12831887607329576 0.1496986969649489 70 4161 0.01682287911559721 0.112
1 3 8 2 0.02857142857142857 0.01682287911559721 0.028375227262693602 0.021176826501285738 0.01689164974316091 228 4161 0.0547945205479452 0.2853566958698373
2 3 8 226 0.30254350736278446 0.1795241528478731 0.3005046801371404 0.22533711070845805 0.18024982269713283 228 4161 0.0547945205479452 0.2853566958698373
12 3 8 228 0.2853566958698373 0.19202114876231674 0.28398997555256766 0.22956457306965053 0.19264502066141248 228 4161 0.0547945205479452 0.2853566958698373
1 3 16 0 0.0 0.0067291516462388845 0 0 0 150 4161 0.03604902667627974 0.32051282051282054
2 3 16 150 0.33707865168539325 0.10694544580629656 0.33004677712693953 0.16237419040958434 0.10767328363387649 150 4161 0.03604902667627974 0.32051282051282054
12 3 16 150 0.32051282051282054 0.11247296322999278 0.31474859665594596 0.16651367333432956 0.11320045475602845 150 4161 0.03604902667627974 0.32051282051282054
1 3 32 12 0.047058823529411764 0.061283345349675555 0.04716721974375316 0.05323729742425429 0.0611004848538766 130 4161 0.031242489786109107 0.1990811638591118
2 3 32 121 0.28074245939675174 0.10358086998317712 0.276067435652806 0.15132856094085967 0.1042321108216924 130 4161 0.031242489786109107 0.1990811638591118
12 3 32 130 0.1990811638591118 0.15693342946407113 0.19855318776439074 0.1755124108507979 0.15726307671456966 130 4161 0.031242489786109107 0.1990811638591118
1 3 64 0 0.0 0.0045662100456621 0 0 0 7 4161 0.0016822879115597211 0.09722222222222222
2 3 64 7 0.1320754716981132 0.012737322758952174 0.12086366671289919 0.023233967935871742 0.012852301261975181 7 4161 0.0016822879115597211 0.09722222222222222
12 3 64 7 0.09722222222222222 0.017303532804614274 0.0929707576064742 0.02937833347905919 0.017445518738921764 7 4161 0.0016822879115597211 0.09722222222222222
1 3 128 0 0.0 0.010093727469358327 0 0 0 171 4161 0.0410958904109589 0.28078817733990147
2 3 128 171 0.29895104895104896 0.13746695505888007 0.2955139811685522 0.1883326995374092 0.13820611009323913 171 4161 0.0410958904109589 0.28078817733990147
12 3 128 171 0.28078817733990147 0.14635904830569574 0.27825771632532603 0.19242026141617055 0.14705611814308828 171 4161 0.0410958904109589 0.28078817733990147
1 3 256 5 0.05813953488372093 0.020668108627733717 0.057114300931740324 0.03049537250452112 0.02080084448650699 112 4161 0.026916606584955538 0.2586605080831409
2 3 256 107 0.300561797752809 0.08555635664503725 0.29326493900712314 0.1331974271062988 0.0861666427320605 112 4161 0.026916606584955538 0.2586605080831409
12 3 256 112 0.2586605080831409 0.10406152367219418 0.2549109203196764 0.14841451154591817 0.10468099753777936 112 4161 0.026916606584955538 0.2586605080831409
1 3 512 1 0.021739130434782608 0.011055034847392453 0.02153308521929357 0.014656683128883224 0.011109091952483885 103 4161 0.024753664984378754 0.27837837837837837
2 3 512 103 0.31212121212121213 0.07930785868781542 0.30330563463642046 0.12647841885231717 0.07989792213595485 103 4161 0.024753664984378754 0.27837837837837837
12 3 512 103 0.27837837837837837 0.08892093246815669 0.2726272176180853 0.13478742950716466 0.0895241794432867 103 4161 0.024753664984378754 0.27837837837837837
1 3 1024 4 0.08 0.01201634222542658 0.07575643929734027 0.020894274968658585 0.012118303437518747 77 4161 0.018505167027156932 0.24290220820189273
2 3 1024 73 0.2693726937269373 0.06512857486181206 0.2612606440003489 0.10489562400250269 0.06562120253182224 77 4161 0.018505167027156932 0.24290220820189273
12 3 1024 77 0.24290220820189273 0.07618360970920451 0.23775083306033187 0.11598865250923053 0.07670486940820417 77 4161 0.018505167027156932 0.24290220820189273
1 5 2 2 0.2 0.002403268445085316 0.1102499727104028 0.004749465685110425 0.0024270094917697945 117 4161 0.028118240807498196 0.28398058252427183
2 5 2 116 0.28641975308641976 0.0973323720259553 0.2810145419864146 0.1452912551550098 0.09797276056708813 117 4161 0.028118240807498196 0.28398058252427183
12 5 2 117 0.28398058252427183 0.09901465993751501 0.2788235449756509 0.14683336861712415 0.09965733429151893 117 4161 0.028118240807498196 0.28398058252427183
1 5 4 23 0.0539906103286385 0.10237923576063446 0.05424445343039032 0.07069799660147413 0.10147874602533938 83 4161 0.019947128094208122 0.14285714285714285
2 5 4 66 0.36065573770491804 0.04397981254506128 0.3366549598374622 0.07839929896304951 0.044365509582108206 83 4161 0.019947128094208122 0.14285714285714285
12 5 4 83 0.14285714285714285 0.13962989665945685 0.1428244588802539 0.14122508507535245 0.13966113473928224 83 4161 0.019947128094208122 0.14285714285714285
1 5 8 15 0.052083333333333336 0.0692141312184571 0.052211279057870735 0.059439044022041976 0.06898946373784003 165 4161 0.03965392934390771 0.23809523809523808
2 5 8 159 0.35333333333333333 0.10814708002883922 0.34557615608447734 0.1656060243097145 0.10889524791146793 165 4161 0.03965392934390771 0.23809523809523808
12 5 8 165 0.23809523809523808 0.1665465032444124 0.23708679260621707 0.19599524860003395 0.16704350677524626 165 4161 0.03965392934390771 0.23809523809523808
1 5 16 6 0.06896551724137931 0.02090843547224225 0.06743099201141885 0.03208852005532503 0.021053690865113335 17 4161 0.004085556356645037 0.1259259259259259
2 5 16 11 0.22448979591836735 0.011776015380918048 0.1904320480216601 0.022378144980486587 0.011887539712296164 17 4161 0.004085556356645037 0.1259259259259259
12 5 16 17 0.1259259259259259 0.032444124008651765 0.12243316605369534 0.051595063060632634 0.03268435579902495 17 4161 0.004085556356645037 0.1259259259259259
1 5 32 0 0.0 0.0002403268445085316 0 0 0 134 4161 0.03220379716414323 0.33668341708542715
2 5 32 134 0.33668341708542715 0.09565008411439557 0.32848765341376923 0.14897664453377057 0.09633290795568279 134 4161 0.03220379716414323 0.33668341708542715
12 5 32 134 0.33668341708542715 0.09565008411439557 0.32848765341376923 0.14897664453377057 0.09633290795568279 134 4161 0.03220379716414323 0.33668341708542715
1 5 64 4 0.04081632653061224 0.023552030761836096 0.040522228272217006 0.029868942395611095 0.023651078492046607 180 4161 0.043258832011535686 0.2764976958525346
2 5 64 179 0.3107638888888889 0.1384282624369142 0.3069799945575815 0.191537207585025 0.13919251875820138 180 4161 0.043258832011535686 0.2764976958525346
12 5 64 180 0.2764976958525346 0.15645277577505406 0.2744129946662438 0.19983270533884845 0.15712821311853656 180 4161 0.043258832011535686 0.2764976958525346
1 5 128 6 0.04316546762589928 0.03340543138668589 0.04304096029464515 0.037663422674825565 0.03348038352555585 132 4161 0.03172314347512617 0.3120567375886525
2 5 128 131 0.43234323432343236 0.07281903388608507 0.41219378056179573 0.12464437117286858 0.07342355783857003 132 4161 0.03172314347512617 0.3120567375886525
12 5 128 132 0.3120567375886525 0.10165825522710886 0.3057905606677572 0.15335747568255695 0.10234144160050149 132 4161 0.03172314347512617 0.3120567375886525
1 5 256 0 0.0 0.007209805335255948 0 0 0 138 4161 0.03316510454217736 0.2948717948717949
2 5 256 138 0.3108108108108108 0.10670511896178803 0.30503388782371765 0.1588686906400952 0.10740344111873222 138 4161 0.03316510454217736 0.2948717948717949
12 5 256 138 0.2948717948717949 0.11247296322999278 0.2902119882982395 0.1628355533368127 0.11316604356662213 138 4161 0.03316510454217736 0.2948717948717949
1 5 512 6 0.0392156862745098 0.03677000720980533 0.03918987804043002 0.037953488372093024 0.03679272574026521 75 4161 0.01802451333813987 0.22058823529411764
2 5 512 69 0.3415841584158416 0.04854602259072338 0.322320572207178 0.08501035335592061 0.048961898049590384 75 4161 0.01802451333813987 0.22058823529411764
12 5 512 75 0.22058823529411764 0.08171112713290074 0.2169376456937814 0.11924943005787104 0.08222366240889312 75 4161 0.01802451333813987 0.22058823529411764
1 5 1024 8 0.08080808080808081 0.023792357606344627 0.07893521533706734 0.036761122328204415 0.023959736428522005 76 4161 0.0182648401826484 0.29118773946360155
2 5 1024 68 0.40236686390532544 0.04061523672194184 0.36975923910688846 0.07378277995178309 0.040980023521925944 76 4161 0.0182648401826484 0.29118773946360155
12 5 1024 76 0.29118773946360155 0.06272530641672674 0.2810524083039857 0.10321654087215791 0.06321638386252358 76 4161 0.0182648401826484 0.29118773946360155
1 7 2 16 0.04878048780487805 0.07882720499879836 0.04896528177060162 0.060266421681212684 0.07834938414091916 69 4161 0.01658255227108868 0.13690476190476192
2 7 2 59 0.30412371134020616 0.04662340783465513 0.2883555631826502 0.08085189044095573 0.04701756206884659 69 4161 0.01658255227108868 0.13690476190476192
12 7 2 69 0.13690476190476192 0.12112472963229992 0.13672839689997657 0.12853222453222451 0.12126311707584443 69 4161 0.01658255227108868 0.13690476190476192
1 7 4 7 0.03867403314917127 0.04349915885604422 0.03871655411262222 0.04094493278179938 0.04344549121512728 110 4161 0.026435952895938475 0.2
2 7 4 107 0.2675 0.09613073780341264 0.2628604640118376 0.14143453613272375 0.09674437757789926 110 4161 0.026435952895938475 0.2
12 7 4 110 0.2 0.13217976447969237 0.1989891138088773 0.15916654608594993 0.13262504476542916 110 4161 0.026435952895938475 0.2
1 7 8 12 0.0718562874251497 0.040134583032924775 0.07129833678076054 0.05150280772542116 0.04031077720390935 195 4161 0.04686373467916366 0.273876404494382
2 7 8 194 0.33276157804459694 0.14011055034847392 0.32829227522804694 0.19719245451446796 0.1409183138374758 195 4161 0.04686373467916366 0.273876404494382
12 7 8 195 0.273876404494382 0.1711127132900745 0.27225751976064044 0.21062867744942687 0.1717507745958905 195 4161 0.04686373467916366 0.273876404494382
1 7 16 7 0.06086956521739131 0.027637587118481133 0.06015342990336832 0.038014733660748014 0.02778779360373215 187 4161 0.04494111992309541 0.29264475743348983
2 7 16 185 0.3345388788426763 0.13290074501321797 0.32958785430047216 0.19022977071274105 0.13369861403561234 187 4161 0.04494111992309541 0.29264475743348983
12 7 16 187 0.29264475743348983 0.15356885364095169 0.29004405097047464 0.20143320960058259 0.15429486134836692 187 4161 0.04494111992309541 0.29264475743348983
1 7 32 4 0.05970149253731343 0.016101898582071617 0.05814273194370456 0.025363176075332415 0.016219173354249446 13 4161 0.0031242489786109107 0.10655737704918032
2 7 32 9 0.15789473684210525 0.0136986301369863 0.14299197734780555 0.025210084033613446 0.013823623340480862 13 4161 0.0031242489786109107 0.10655737704918032
12 7 32 13 0.10655737704918032 0.029319875030040854 0.10384876949198474 0.0459863432738449 0.02953181529240159 13 4161 0.0031242489786109107 0.10655737704918032
1 7 64 0 0.0 0.0045662100456621 0 0 0 88 4161 0.02114876231675078 0.2829581993569132
2 7 64 88 0.2972972972972973 0.07113674597452535 0.28822467880428165 0.11480351885478553 0.07167660697829929 88 4161 0.02114876231675078 0.2829581993569132
12 7 64 88 0.2829581993569132 0.07474164864215332 0.2753630407157888 0.11824865140454839 0.07529019077195019 88 4161 0.02114876231675078 0.2829581993569132
1 7 128 18 0.04838709677419355 0.08940158615717375 0.04860788577948952 0.06279010886994682 0.08865753631532747 91 4161 0.021869742850276375 0.16883116883116883
2 7 128 78 0.3842364532019704 0.04878634943523191 0.35974561001363636 0.08657970784679865 0.04921172899327443 91 4161 0.021869742850276375 0.16883116883116883
12 7 128 91 0.16883116883116883 0.12953616919009853 0.16832560609819303 0.14659609188668982 0.12983536554155412 91 4161 0.021869742850276375 0.16883116883116883
1 7 256 4 0.03361344537815126 0.02859889449651526 0.03355519199522036 0.030904074013958772 0.028641199217663223 127 4161 0.030521509252583512 0.24282982791587
2 7 256 124 0.2903981264637002 0.10261956260514299 0.28523050783236786 0.15164980889111018 0.10328078929863264 127 4161 0.030521509252583512 0.24282982791587
12 7 256 127 0.24282982791587 0.12569093967796202 0.24060964486400174 0.1656433608985805 0.12629413906099918 127 4161 0.030521509252583512 0.24282982791587
1 7 512 6 0.03468208092485549 0.041576544099975965 0.03473911697868626 0.03781765188086346 0.04149487300561363 142 4161 0.034126411920211486 0.23666666666666666
2 7 512 139 0.30151843817787416 0.11079067531843306 0.2964652768269537 0.16204071311164497 0.11148892443002265 142 4161 0.034126411920211486 0.23666666666666666
12 7 512 142 0.23666666666666666 0.14419610670511895 0.2351734703598948 0.17920581535490954 0.14475609879184873 142 4161 0.034126411920211486 0.23666666666666666
1 7 1024 2 0.023809523809523808 0.020187454938716654 0.023767302310336424 0.02184939523995318 0.020217907289313393 153 4161 0.03677000720980533 0.2670157068062827
2 7 1024 152 0.30039525691699603 0.12160538332131698 0.29608517616509056 0.17312618457008827 0.12232623861876897 153 4161 0.03677000720980533 0.2670157068062827
12 7 1024 153 0.2670157068062827 0.1377072819033886 0.2645560964355254 0.18170456453207484 0.1383707390852638 153 4161 0.03677000720980533 0.2670157068062827
1 4 2 2 0.07692307692307693 0.006248497957221821 0.06917625984563104 0.01155812402756168 0.006305860656328192 68 4161 0.016342225426580148 0.19941348973607037
2 4 2 66 0.20754716981132076 0.07642393655371305 0.20408035947921957 0.1117125748502994 0.07690499295378228 68 4161 0.016342225426580148 0.19941348973607037
12 4 2 68 0.19941348973607037 0.08195145397740927 0.19662316867499818 0.11616390592867752 0.08243220312525243 68 4161 0.016342225426580148 0.19941348973607037
1 4 4 19 0.04738154613466334 0.09637106464792117 0.04762122830773557 0.06352872508963563 0.09539451133741042 75 4161 0.01802451333813987 0.12038523274478331
2 4 4 58 0.22393822393822393 0.06224465272770968 0.2183229780595208 0.09741293500076195 0.06269284163663298 75 4161 0.01802451333813987 0.12038523274478331
12 4 4 75 0.12038523274478331 0.14972362412881518 0.12061924640207439 0.1334611056206477 0.14936322362817966 75 4161 0.01802451333813987 0.12038523274478331
1 4 8 13 0.05058365758754864 0.06176399903869262 0.05067447885889052 0.05561751926886518 0.06162913085540301 125 4161 0.03004085556356645 0.21043771043771045
2 4 8 115 0.30831099195710454 0.08964191300168228 0.30104023822535864 0.13889878311778306 0.09027585364634416 125 4161 0.03004085556356645 0.21043771043771045
12 4 8 125 0.21043771043771045 0.14275414563806776 0.20945446318783872 0.17011069223023711 0.14321019538574142 125 4161 0.03004085556356645 0.21043771043771045
1 4 16 15 0.053763440860215055 0.06705118961788031 0.053869138082320626 0.05967659137577001 0.06688751247954494 87 4161 0.02090843547224225 0.15760869565217392
2 4 16 76 0.2558922558922559 0.07137707281903388 0.24950619099901764 0.1116196268961169 0.07189031694786002 87 4161 0.02090843547224225 0.15760869565217392
12 4 16 87 0.15760869565217392 0.13266041816870944 0.15731577492474072 0.14406241984908003 0.13286865692542393 87 4161 0.02090843547224225 0.15760869565217392
1 4 32 4 0.0425531914893617 0.02259072338380197 0.042184118972189766 0.02951334379905808 0.022696140891063782 258 4161 0.06200432588320115 0.3157894736842105
2 4 32 256 0.34547908232118757 0.1780821917808219 0.3422933885139126 0.23501994986052752 0.17894063828733844 258 4161 0.06200432588320115 0.3157894736842105
12 4 32 258 0.3157894736842105 0.1963470319634703 0.31389886043317994 0.24213984045049275 0.19708509495753193 258 4161 0.06200432588320115 0.3157894736842105
1 4 64 4 0.03361344537815126 0.02859889449651526 0.03355519199522036 0.030904074013958772 0.028641199217663223 207 4161 0.04974765681326604 0.2816326530612245
2 4 64 204 0.3157894736842105 0.1552511415525114 0.31258913129228993 0.20816326530612245 0.15603653272344487 207 4161 0.04974765681326604 0.2816326530612245
12 4 64 207 0.2816326530612245 0.17664023071377072 0.2799849398257159 0.2171093188122881 0.1772946395890066 207 4161 0.04974765681326604 0.2816326530612245
1 4 128 5 0.05 0.02403268445085316 0.04947076082111667 0.03246226261970459 0.02415690026309495 96 4161 0.023071377072819033 0.2436548223350254
2 4 128 93 0.30293159609120524 0.0737803412641192 0.29389404041409833 0.11866041037192812 0.07433709337051737 96 4161 0.023071377072819033 0.2436548223350254
12 4 128 96 0.2436548223350254 0.09468877673636145 0.23991776452962296 0.1363783865640752 0.09526544533884529 96 4161 0.023071377072819033 0.2436548223350254
1 4 256 2 0.043478260869565216 0.011055034847392453 0.04225134365820609 0.017627898064763364 0.011137266934830447 201 4161 0.04830569574621485 0.2851063829787234
2 4 256 200 0.29806259314456035 0.1612593126652247 0.2955798876054108 0.2092883805180901 0.1619954698110646 201 4161 0.04830569574621485 0.2851063829787234
12 4 256 201 0.2851063829787234 0.16943042537851477 0.2831920766872843 0.21254910431037977 0.17011379287290232 201 4161 0.04830569574621485 0.2851063829787234
1 4 512 2 0.03389830508474576 0.014179283826003364 0.03343789103927367 0.019994916546640682 0.014261422719913458 111 4161 0.026676279740447006 0.23617021276595745
2 4 512 110 0.26128266033254155 0.1011776015380918 0.2572521657634746 0.1458695237900247 0.1017951916810047 111 4161 0.026676279740447006 0.23617021276595745
12 4 512 111 0.23617021276595745 0.11295361691900985 0.23364668944762942 0.15281844132220027 0.1135401223926909 111 4161 0.026676279740447006 0.23617021276595745
1 4 1024 3 0.058823529411764705 0.012256669069935111 0.05669098953346321 0.020286396181384246 0.012353495600371252 181 4161 0.04349915885604422 0.2981878088962109
2 4 1024 179 0.31793960923623443 0.13530401345830328 0.31374653729045615 0.18982508749392535 0.13607795326423985 181 4161 0.04349915885604422 0.2981878088962109
12 4 1024 181 0.2981878088962109 0.14587839461667867 0.2951368397092817 0.19591294501555825 0.14661988987712343 181 4161 0.04349915885604422 0.2981878088962109
1 6 2 17 0.058419243986254296 0.06993511175198269 0.05851464315339431 0.06366057985561517 0.06979888329497969 147 4161 0.035328046142754144 0.2254601226993865
2 6 2 133 0.3292079207920792 0.09709204518144676 0.3215957226225544 0.14995764893689761 0.09777460270079645 147 4161 0.035328046142754144 0.2254601226993865
12 6 2 147 0.2254601226993865 0.1566931026195626 0.22448469364884574 0.1848894307421793 0.15716772965441958 147 4161 0.035328046142754144 0.2254601226993865
1 6 4 21 0.05865921787709497 0.08603701033405431 0.05884461306341141 0.06975805516249507 0.08564125769320652 141 4161 0.033886085075702954 0.22065727699530516
2 6 4 132 0.4 0.07930785868781542 0.38460207013535497 0.13237063778580022 0.07994243568987228 141 4161 0.033886085075702954 0.22065727699530516
12 6 4 141 0.22065727699530516 0.15356885364095169 0.21970696351157049 0.18109951337759364 0.15403253583910104 141 4161 0.033886085075702954 0.22065727699530516
1 6 8 8 0.052980132450331126 0.03628935352078827 0.05273996407001333 0.04307439961489776 0.03640290118065963 30 4161 0.007209805335255948 0.13100436681222707
2 6 8 23 0.27058823529411763 0.020427781783225185 0.24132764118440045 0.037987719570962225 0.020616495388944427 30 4161 0.007209805335255948 0.13100436681222707
12 6 8 30 0.13100436681222707 0.055034847392453734 0.12923804184446436 0.07750844751820658 0.055352659710974667 30 4161 0.007209805335255948 0.13100436681222707
1 6 16 11 0.046610169491525424 0.056717135304013455 0.04669255156961134 0.051169345698601515 0.05659562821242291 148 4161 0.035568372987262675 0.23052959501557632
2 6 16 146 0.33031674208144796 0.10622446527277096 0.3235584995283437 0.1607532975450571 0.10694279936239913 148 4161 0.035568372987262675 0.23052959501557632
12 6 16 148 0.23052959501557632 0.15428983417447728 0.22940724075227356 0.18485746970793546 0.15479670251925623 148 4161 0.035568372987262675 0.23052959501557632
1 6 32 7 0.040697674418604654 0.04133621725546743 0.040703899914544706 0.0410144606632488 0.04132979685169753 143 4161 0.03436673876472002 0.23442622950819672
2 6 32 139 0.30217391304347824 0.11055034847392453 0.29707550871203414 0.16187772080017318 0.11124884796596007 143 4161 0.03436673876472002 0.23442622950819672
12 6 32 143 0.23442622950819672 0.14659937515020427 0.23304390001296918 0.18039070521536557 0.1471451905989872 143 4161 0.03436673876472002 0.23442622950819672
1 6 64 1 0.041666666666666664 0.005767844268204758 0.03924806916986448 0.01013299556681444 0.0058174696886789746 192 4161 0.046142754145638065 0.32377740303541314
2 6 64 191 0.3310225303292894 0.13866858928142273 0.3265378127697916 0.19545793132803632 0.13947101738347656 192 4161 0.046142754145638065 0.32377740303541314
12 6 64 192 0.32377740303541314 0.14251381879355923 0.3197507538967226 0.19791388722544914 0.14330817192196152 192 4161 0.046142754145638065 0.32377740303541314
1 6 128 5 0.025380710659898477 0.04734438836818072 0.025497827231940908 0.033045928808669106 0.04694218728840391 216 4161 0.05191059841384282 0.2958904109589041
2 6 128 216 0.375 0.1384282624369142 0.36876034000798674 0.20221169036334913 0.1392983363503146 216 4161 0.05191059841384282 0.2958904109589041
12 6 128 216 0.2958904109589041 0.17543859649122806 0.2938925950274278 0.2202733020599633 0.17614856681469518 216 4161 0.05191059841384282 0.2958904109589041
1 6 256 5 0.053763440860215055 0.022350396539293438 0.053025555913086185 0.03157465878997759 0.022480445387093023 79 4161 0.018985820716173996 0.20954907161803712
2 6 256 77 0.25752508361204013 0.07185772650805095 0.2511013177802444 0.11236267624536966 0.07237435619502706 79 4161 0.018985820716173996 0.20954907161803712
12 6 256 79 0.20954907161803712 0.09060322037971641 0.2068602540061048 0.12650791762946856 0.09111529525826732 79 4161 0.018985820716173996 0.20954907161803712
1 6 512 6 0.03592814371257485 0.040134583032924775 0.03596546530645027 0.037915050610159866 0.04008811288145838 165 4161 0.03965392934390771 0.2661290322580645
2 6 512 162 0.33540372670807456 0.11607786589762076 0.3292443413905822 0.17246749124668959 0.11683429972985956 165 4161 0.03965392934390771 0.2661290322580645
12 6 512 165 0.2661290322580645 0.14900264359528959 0.26407378209663945 0.19104265778993712 0.1496547698538113 165 4161 0.03965392934390771 0.2661290322580645
1 6 1024 2 0.031746031746031744 0.01514059120403749 0.03140500762544975 0.02050280693190139 0.015219411386932545 97 4161 0.023311703917327564 0.26944444444444443
2 6 1024 96 0.31475409836065577 0.07329968757510213 0.3048127614678937 0.11890814061862286 0.07386067828253343 97 4161 0.023311703917327564 0.26944444444444443
12 6 1024 97 0.26944444444444443 0.08651766402307137 0.2639195660875346 0.1309785697005159 0.08710315549266139 97 4161 0.023311703917327564 0.26944444444444443
1 1 2 9 0.04433497536945813 0.04878634943523191 0.044375063276314713 0.04645427038572046 0.048737899516363634 27 4161 0.006488824801730353 0.072
2 1 2 19 0.09844559585492228 0.0463830809901466 0.09736356254102634 0.06305671149018123 0.04662722554996765 27 4161 0.006488824801730353 0.072
12 1 2 27 0.072 0.09012256669069935 0.07214363583606932 0.08004838480148 0.0898985303716597 27 4161 0.006488824801730353 0.072
1 1 4 15 0.058823529411764705 0.061283345349675555 0.058846915763570436 0.06002824858757062 0.06125798280352492 51 4161 0.012256669069935111 0.10669456066945607
2 1 4 38 0.1557377049180328 0.05863975006008171 0.15322565602666877 0.08519944499067326 0.05900398050926526 51 4161 0.012256669069935111 0.10669456066945607
12 1 4 51 0.10669456066945607 0.1148762316750781 0.1067698509809649 0.11063433894189859 0.11478907935930133 51 4161 0.012256669069935111 0.10669456066945607
1 1 8 0 0.0 0.010814708002883922 0 0 0 221 4161 0.05311223263638548 0.3640856672158155
2 1 8 222 0.3881118881118881 0.13746695505888007 0.3812297088574205 0.20302399982093264 0.13835159138508651 221 4161 0.05311223263638548 0.3640856672158155
12 1 8 221 0.3640856672158155 0.14587839461667867 0.3587722283274593 0.20829794337088423 0.14674919778491882 221 4161 0.05311223263638548 0.3640856672158155
1 1 16 0 0.0 0.0004806536890170632 0 0 0 284 4161 0.06825282384042297 0.3541147132169576
2 1 16 284 0.3545568039950062 0.1925018024513338 0.35162599685004203 0.24952655176668995 0.1933769068175728 284 4161 0.06825282384042297 0.3541147132169576
12 1 16 284 0.3541147132169576 0.19274212929584233 0.35120338998472783 0.24961861509056793 0.1936157139764235 284 4161 0.06825282384042297 0.3541147132169576
1 1 32 19 0.04785894206549118 0.09540975726988704 0.048096273481515954 0.0637433028546318 0.0944803310816668 69 4161 0.01658255227108868 0.12212389380530973
2 1 32 53 0.26903553299492383 0.04734438836818072 0.25711525703333443 0.08051916002807104 0.04773383111589753 69 4161 0.01658255227108868 0.12212389380530973
12 1 32 69 0.12212389380530973 0.13578466714732035 0.12224566277721659 0.12859249192689176 0.13563444869768904 69 4161 0.01658255227108868 0.12212389380530973
1 1 64 8 0.09876543209876543 0.01946647440519106 0.09493637835297394 0.03252277346984868 0.019622463655358448 129 4161 0.031002162941600575 0.4069400630914827
2 1 64 123 0.5 0.05912040374909877 0.4656209591274526 0.10573823339780786 0.05964108768291278 129 4161 0.031002162941600575 0.4069400630914827
12 1 64 129 0.4069400630914827 0.07618360970920451 0.3901683493031948 0.12834048376010973 0.07680166472939026 129 4161 0.031002162941600575 0.4069400630914827
1 1 128 0 0.0 0.019947128094208122 0 0 0 254 4161 0.061043018505167024 0.40253565768621236
2 1 128 256 0.45796064400715564 0.13434270608026916 0.4472925031897067 0.2077437927207506 0.13528926223458596 254 4161 0.061043018505167024 0.40253565768621236
12 1 128 254 0.40253565768621236 0.15164623888488343 0.3960481583512086 0.22029957630467573 0.15258786088974183 254 4161 0.061043018505167024 0.40253565768621236
1 1 256 1 0.022727272727272728 0.01057438115837539 0.022471569217388666 0.014433327866163687 0.010630663387842193 236 4161 0.056717135304013455 0.45038167938931295
2 1 256 237 0.486652977412731 0.11703917327565488 0.47189783029687377 0.1886970439604815 0.11792595518901933 236 4161 0.056717135304013455 0.45038167938931295
12 1 256 236 0.45038167938931295 0.12593126652247055 0.4391786718770548 0.1968275594235746 0.12683593310798558 236 4161 0.056717135304013455 0.45038167938931295
1 1 512 0 0.0 0.00600817111271329 0 0 0 185 4161 0.044460466234078344 0.4057017543859649
2 1 512 185 0.42528735632183906 0.10454217736121124 0.412749206097718 0.16782932399036507 0.10532868501695496 185 4161 0.044460466234078344 0.4057017543859649
12 1 512 185 0.4057017543859649 0.1095890410958904 0.3951309128877493 0.17256456596513728 0.11038675240815626 185 4161 0.044460466234078344 0.4057017543859649
1 1 1024 0 0.0 0.023552030761836096 0 0 0 86 4161 0.020668108627733717 0.22933333333333333
2 1 1024 86 0.29965156794425085 0.06897380437394857 0.29004719860249506 0.11213611530729303 0.06950355911033351 86 4161 0.020668108627733717 0.22933333333333333
12 1 1024 86 0.22933333333333333 0.09012256669069935 0.22587876878959773 0.12939569202621617 0.09066749060026764 86 4161 0.020668108627733717 0.22933333333333333
1 2 2 17 0.05573770491803279 0.07329968757510213 0.055870239918184086 0.06332360376644154 0.07307173081149339 172 4161 0.04133621725546743 0.28524046434494194
2 2 2 163 0.4894894894894895 0.08002883922134102 0.465888703825559 0.1375663387113943 0.08069719214294081 172 4161 0.04133621725546743 0.28524046434494194
12 2 2 172 0.28524046434494194 0.14491708723864455 0.28253179256604816 0.19219105698966277 0.14562639976981853 172 4161 0.04133621725546743 0.28524046434494194
1 2 4 3 0.06 0.01201634222542658 0.05771802364343596 0.020022692384702664 0.012112248161176845 268 4161 0.06440759432828647 0.3743016759776536
2 2 4 267 0.3926470588235294 0.16342225426580148 0.3872688018097701 0.23078873792652413 0.1643723484261091 268 4161 0.06440759432828647 0.3743016759776536
12 2 4 268 0.3743016759776536 0.17207402066810862 0.36999639638593934 0.23576302798125573 0.17299944756399718 268 4161 0.06440759432828647 0.3743016759776536
1 2 8 11 0.05339805825242718 0.04950732996875751 0.053356541087259644 0.051379142244946545 0.04954307099241137 194 4161 0.04662340783465513 0.2611036339165545
2 2 8 193 0.3350694444444444 0.1384282624369142 0.33042217851306244 0.19591681360251453 0.1392373097132214 194 4161 0.04662340783465513 0.2611036339165545
12 2 8 194 0.2611036339165545 0.17856284546983897 0.2599140750466676 0.21208534205165516 0.1791234890624843 194 4161 0.04662340783465513 0.2611036339165545
1 2 16 2 0.024096385542168676 0.019947128094208122 0.02404686025397937 0.021826309907303925 0.019981193890040265 180 4161 0.043258832011535686 0.23715415019762845
2 2 16 181 0.262699564586357 0.16558519586637827 0.2611829145654243 0.2031319480527942 0.16619349442050296 180 4161 0.043258832011535686 0.23715415019762845
12 2 16 180 0.23715415019762845 0.18240807498197548 0.23645151539453313 0.20620937451181492 0.1828259425908081 180 4161 0.043258832011535686 0.23715415019762845
1 2 32 3 0.015 0.04806536890170632 0.015102867725545505 0.022864546615094412 0.047038733214313434 192 4161 0.046142754145638065 0.256
2 2 32 194 0.32825719120135366 0.14203316510454217 0.32405053217076407 0.19827498994824969 0.14283546389689517 192 4161 0.046142754145638065 0.256
12 2 32 192 0.256 0.1802451333813987 0.25493913012749475 0.2115450723219716 0.1807747810231226 192 4161 0.046142754145638065 0.256
1 2 64 14 0.04229607250755287 0.07954818553232396 0.042493095827499286 0.05522748264457885 0.07886050135797017 46 4161 0.011055034847392453 0.09663865546218488
2 2 64 32 0.1871345029239766 0.0410958904109589 0.18077410694309792 0.06739206739206739 0.04141589745123082 46 4161 0.011055034847392453 0.09663865546218488
12 2 64 46 0.09663865546218488 0.11439557798606104 0.0967874051063753 0.1047700618686929 0.11418784029225529 46 4161 0.011055034847392453 0.09663865546218488
1 2 128 8 0.03389830508474576 0.056717135304013455 0.034033876814956864 0.042434594983367796 0.05634162368636276 150 4161 0.03604902667627974 0.21865889212827988
2 2 128 144 0.29327902240325865 0.11800048065368901 0.2890282881760699 0.16828976572866894 0.11870288575129163 150 4161 0.03604902667627974 0.21865889212827988
12 2 128 150 0.21865889212827988 0.16486421533285267 0.21795475397803238 0.1879888120166687 0.16526678064719305 150 4161 0.03604902667627974 0.21865889212827988
1 2 256 9 0.05732484076433121 0.03773131458783946 0.057031613096334685 0.04550871203581436 0.03785943623494481 99 4161 0.023792357606344627 0.21428571428571427
2 2 256 91 0.2791411042944785 0.0783465513097813 0.2722331155268038 0.12235243655230581 0.07890854416231848 99 4161 0.023792357606344627 0.21428571428571427
12 2 256 99 0.21428571428571427 0.1110310021629416 0.21233066831694433 0.1462719645401298 0.11156325312727133 99 4161 0.023792357606344627 0.21428571428571427
1 2 512 0 0.0 0.011055034847392453 0 0 0 205 4161 0.049267003124248976 0.3486394557823129
2 2 512 205 0.3740875912408759 0.1316991107906753 0.367392779390744 0.1948133587789569 0.13254945596071735 205 4161 0.049267003124248976 0.3486394557823129
12 2 512 205 0.3486394557823129 0.14131218457101657 0.34364752371786755 0.20110965681723195 0.14214914083097444 205 4161 0.049267003124248976 0.3486394557823129
1 2 1024 2 0.022727272727272728 0.02114876231675078 0.022710489803531776 0.021909622805925556 0.021163315649614736 170 4161 0.04085556356645037 0.2823920265780731
2 2 1024 170 0.32015065913371 0.12761355443403027 0.3154385961270394 0.182486953304809 0.1283779693707431 170 4161 0.04085556356645037 0.2823920265780731
12 2 1024 170 0.2823920265780731 0.14467676039413602 0.27975544938165414 0.1913301314109335 0.14537871512959516 170 4161 0.04085556356645037 0.2823920265780731
1 9 2 6 0.07317073170731707 0.01970680124969959 0.07125670021194035 0.03105080467024298 0.019850406898987108 233 4161 0.05599615477048786 0.2979539641943734
2 9 2 229 0.318941504178273 0.17255467435712568 0.31628486657215305 0.2239482209462998 0.1733423989355426 233 4161 0.05599615477048786 0.2979539641943734
12 9 2 233 0.2979539641943734 0.1879355924056717 0.2962369494319984 0.23048922953732268 0.1886251878071918 233 4161 0.05599615477048786 0.2979539641943734
1 9 4 16 0.039603960396039604 0.09709204518144676 0.03983750235535669 0.0562595738755048 0.09571640695189548 21 4161 0.005046863734679163 0.05121951219512195
2 9 4 6 0.6 0.002403268445085316 0.1733112166104215 0.0047873613659937765 0.002427203909160091 21 4161 0.005046863734679163 0.05121951219512195
12 9 4 21 0.05121951219512195 0.09853400624849795 0.051464188444351223 0.06740227257604284 0.09764096921245874 21 4161 0.005046863734679163 0.05121951219512195
1 9 8 6 0.05309734513274336 0.02715693342946407 0.05259988355176339 0.035934808533191996 0.027288931998442633 222 4161 0.05335255948089401 0.2747524752475248
2 9 8 218 0.3002754820936639 0.17447728911319393 0.29814712376072694 0.22070962100832953 0.17520402605630642 222 4161 0.05335255948089401 0.2747524752475248
12 9 8 222 0.2747524752475248 0.19418409036289352 0.27362841179225994 0.2275470218938657 0.1947495193441771 222 4161 0.05335255948089401 0.2747524752475248
1 9 16 3 0.047619047619047616 0.01514059120403749 0.046628707103128365 0.022975929978118162 0.015243529944444844 211 4161 0.050708964191300165 0.2926490984743412
2 9 16 209 0.30962962962962964 0.16222062004325882 0.3068687387266956 0.21289937024343644 0.16298889763016178 211 4161 0.050708964191300165 0.2926490984743412
12 9 16 211 0.2926490984743412 0.17327565489065128 0.29066645913286293 0.21767018740717636 0.1739782970970428 211 4161 0.050708964191300165 0.2926490984743412
1 9 32 12 0.046875 0.06152367219418409 0.046985764587799385 0.05320954723386566 0.061333898428382105 204 4161 0.049026676279740444 0.2841225626740947
2 9 32 199 0.3940594059405941 0.12136505647680845 0.3854837532949857 0.18557536766063687 0.12220234008566808 204 4161 0.049026676279740444 0.2841225626740947
12 9 32 204 0.2841225626740947 0.17255467435712568 0.2823152824387147 0.21471040071300412 0.17322816352857642 204 4161 0.049026676279740444 0.2841225626740947
1 9 64 1 0.018867924528301886 0.012737322758952174 0.01877843689596262 0.01520803443328551 0.012778431592541576 118 4161 0.028358567652006728 0.35435435435435436
2 9 64 117 0.4105263157894737 0.0684931506849315 0.3911851748862891 0.11739915713425647 0.06906285614096608 118 4161 0.028358567652006728 0.35435435435435436
12 9 64 118 0.35435435435435436 0.08002883922134102 0.34272270792022524 0.13056935936479772 0.08064699114454585 118 4161 0.028358567652006728 0.35435435435435436
1 9 128 14 0.054901960784313725 0.061283345349675555 0.05495862213398034 0.05791740685761565 0.061212900597155555 119 4161 0.02859889449651526 0.1986644407345576
2 9 128 108 0.28421052631578947 0.091324200913242 0.2783888766952678 0.1382311532061948 0.09194200944032367 119 4161 0.02859889449651526 0.1986644407345576
12 9 128 119 0.1986644407345576 0.14395577986061042 0.1979197179049639 0.16694224553843268 0.1443493566006541 119 4161 0.02859889449651526 0.1986644407345576
1 9 256 9 0.06 0.03604902667627974 0.05960788633976101 0.04503828254015913 0.03619206880076445 216 4161 0.05191059841384282 0.297111416781293
2 9 256 213 0.34918032786885245 0.14659937515020427 0.3444673737678361 0.2065014665529767 0.1474463323048851 216 4161 0.05191059841384282 0.297111416781293
12 9 256 216 0.297111416781293 0.17471761595770247 0.29506488318615404 0.22003986534062445 0.1754331501130858 216 4161 0.05191059841384282 0.297111416781293
1 9 512 10 0.072992700729927 0.03292477769766883 0.07212367931363402 0.04538001623080873 0.03310470028367597 219 4161 0.05263157894736842 0.3101983002832861
2 9 512 215 0.35596026490066224 0.14515741408315308 0.3509146124079177 0.20622011051022246 0.1460135579867263 219 4161 0.05263157894736842 0.3101983002832861
12 9 512 219 0.3101983002832861 0.1696707522230233 0.3076752513488413 0.21935808809707064 0.17043522148962695 219 4161 0.05263157894736842 0.3101983002832861
1 9 1024 13 0.09352517985611511 0.03340543138668589 0.09188784775699038 0.04922766774729615 0.0336194035280783 126 4161 0.03028118240807498 0.31343283582089554
2 9 1024 116 0.4157706093189964 0.06705118961788031 0.3954097703869078 0.11547910232874292 0.06761266279482278 126 4161 0.03028118240807498 0.31343283582089554
12 9 1024 126 0.31343283582089554 0.0966113914924297 0.30661961513689856 0.14769715260464505 0.09727766030342835 126 4161 0.03028118240807498 0.31343283582089554
1 10 2 22 0.05527638190954774 0.09565008411439557 0.05550836175527126 0.07006313363686556 0.09496334215435338 89 4161 0.02138908916125931 0.14518760195758565
2 10 2 73 0.292 0.0600817111271329 0.28125106332203853 0.0996578867613371 0.06055792468575258 89 4161 0.02138908916125931 0.14518760195758565
12 10 2 89 0.14518760195758565 0.14732035568372986 0.1452084156131664 0.14624620358183507 0.14729893223413 89 4161 0.02138908916125931 0.14518760195758565
1 10 4 8 0.043010752688172046 0.044700793078586876 0.0430268591492198 0.043839490896234755 0.04468340926848934 124 4161 0.029800528719057917 0.2326454033771107
2 10 4 120 0.3191489361702128 0.09036289353520788 0.31134418989787466 0.1408468290733827 0.09100884270315626 124 4161 0.029800528719057917 0.2326454033771107
12 10 4 124 0.2326454033771107 0.12809420812304734 0.23078041092950344 0.16521905423765673 0.12866671322238304 124 4161 0.029800528719057917 0.2326454033771107
1 10 8 0 0.0 0.0002403268445085316 0 0 0 90 4161 0.021629416005767843 0.4326923076923077
2 10 8 90 0.43478260869565216 0.04974765681326604 0.4038361244712291 0.08927993789221711 0.05018770880038484 90 4161 0.021629416005767843 0.4326923076923077
12 10 8 90 0.4326923076923077 0.04998798365777457 0.4022046888993361 0.08962212211014137 0.050429603290961564 90 4161 0.021629416005767843 0.4326923076923077
1 10 16 3 0.04 0.01802451333813987 0.03952290763379091 0.024850894632206758 0.01812309348645254 47 4161 0.011295361691900985 0.16785714285714284
2 10 16 45 0.21226415094339623 0.0509492910358087 0.20581227325010762 0.08217443548143968 0.05133556433531009 47 4161 0.011295361691900985 0.16785714285714284
12 10 16 47 0.16785714285714284 0.06729151646238885 0.16540960955213238 0.09606996463077669 0.06769305987746432 47 4161 0.011295361691900985 0.16785714285714284
1 10 32 3 0.02459016393442623 0.029319875030040854 0.024629501433489485 0.026747542660868928 0.029264145207665706 135 4161 0.032444124008651765 0.23684210526315788
2 10 32 134 0.2838983050847458 0.11343427060802691 0.279736174160997 0.16209995924947265 0.11411266529599114 135 4161 0.032444124008651765 0.23684210526315788
12 10 32 135 0.23684210526315788 0.136986301369863 0.23514499314483794 0.17357762777242045 0.13756053268765134 135 4161 0.032444124008651765 0.23684210526315788
1 10 64 1 0.022727272727272728 0.01057438115837539 0.022471569217388666 0.014433327866163687 0.010630663387842193 188 4161 0.04518144676760394 0.29375
2 10 64 188 0.3076923076923077 0.1468397019947128 0.30439093204956197 0.1988042461463375 0.14760369134800694 188 4161 0.04518144676760394 0.29375
12 10 64 188 0.29375 0.15380918048546022 0.29112744904038274 0.20190155285652436 0.15453810194769851 188 4161 0.04518144676760394 0.29375
1 10 128 4 0.024242424242424242 0.03965392934390771 0.024336069954701174 0.030089584900499212 0.039405896696962976 162 4161 0.03893294881038212 0.24360902255639097
2 10 128 160 0.297951582867784 0.12905551550108146 0.2941402571835896 0.18010143282512112 0.1297839212391281 162 4161 0.03893294881038212 0.24360902255639097
12 10 128 162 0.24360902255639097 0.1598173515981735 0.2423509656035731 0.19301142069341137 0.1603634759841224 162 4161 0.03893294881038212 0.24360902255639097
1 10 256 10 0.06756756756756757 0.035568372987262675 0.0669710261154744 0.046603898353119 0.03573593847719192 165 4161 0.03965392934390771 0.2801358234295416
2 10 256 157 0.3369098712446352 0.11199230954097572 0.33034121471542804 0.1681048397751464 0.11273748164157994 165 4161 0.03965392934390771 0.2801358234295416
12 10 256 165 0.2801358234295416 0.1415525114155251 0.27744644971764765 0.1880722138471155 0.1422492516711599 165 4161 0.03965392934390771 0.2801358234295416
1 10 512 5 0.04854368932038835 0.024753664984378754 0.04808612329609274 0.03278792894887629 0.024874360925231542 138 4161 0.03316510454217736 0.3039647577092511
2 10 512 134 0.366120218579235 0.08795962509012256 0.35500481825855534 0.1418420025161598 0.08862629849238224 138 4161 0.03316510454217736 0.3039647577092511
12 10 512 138 0.3039647577092511 0.10910838740687334 0.2986833928243885 0.1605773937826623 0.1098053242112729 138 4161 0.03316510454217736 0.3039647577092511
1 10 1024 1 0.022727272727272728 0.01057438115837539 0.022471569217388666 0.014433327866163687 0.010630663387842193 128 4161 0.030761836097092043 0.2942528735632184
2 10 1024 127 0.3175 0.09613073780341264 0.3104223887458997 0.14757853545734093 0.09679896311081847 128 4161 0.030761836097092043 0.2942528735632184
12 10 1024 128 0.2942528735632184 0.10454217736121124 0.2890593051449522 0.15427391100157514 0.10521379550336973 128 4161 0.030761836097092043 0.2942528735632184
