1 8 4 860 0.9806157354618016 0.2107666426339822 0.9463900224819162 0.3469601197353292 0.21241775329562293 52 4161 0.012496995914443643 0.2765957446808511
2 8 4 1799 0.9599786552828175 0.4503725066089882 0.9493429923831034 0.6131068700520073 0.45275215193209467 52 4161 0.012496995914443643 0.2765957446808511
12 8 4 52 0.2765957446808511 0.04518144676760394 0.26324607307508957 0.07767483989893371 0.0455588416385266 52 4161 0.012496995914443643 0.2765957446808511
1 8 512 0 0 0.0 0 0 0 109 4161 0.026195626051429943 0.3244047619047619
2 8 512 3034 0.9718129404228059 0.7503004085556356 0.9689805260252284 0.8468102830413782 0.75199752115849 109 4161 0.026195626051429943 0.3244047619047619
12 8 512 109 0.3244047619047619 0.08074981975486661 0.31499421492480423 0.12931176018854434 0.08135481209601626 109 4161 0.026195626051429943 0.3244047619047619
1 8 8 840 0.9778812572759022 0.20644075943282864 0.9429918530953759 0.34091158745521327 0.20806591854053338 140 4161 0.03364575823119442 0.345679012345679
2 8 8 2481 0.9520337682271681 0.6262917567892333 0.9471562675109082 0.755548702438264 0.6284206333639684 140 4161 0.03364575823119442 0.345679012345679
12 8 8 140 0.345679012345679 0.0973323720259553 0.3371614079213237 0.15189568222458863 0.09802967491626087 140 4161 0.03364575823119442 0.345679012345679
1 8 64 47 0.9791666666666666 0.011535688536409516 0.5349146764890237 0.022802735115302394 0.011649672958807105 145 4161 0.03484739245373708 0.3372093023255814
2 8 64 3268 0.9755223880597015 0.8050949291035808 0.9734820644352541 0.882152633565409 0.8064899474288556 145 4161 0.03484739245373708 0.3372093023255814
12 8 64 145 0.3372093023255814 0.10334054313866858 0.32981910712868806 0.15819954455784685 0.10405506333506279 145 4161 0.03484739245373708 0.3372093023255814
1 8 256 0 0 0.0 0 0 0 139 4161 0.03340543138668589 0.31235955056179776
2 8 256 2807 0.9603147451248717 0.7024753664984379 0.9568375027658038 0.811404214903429 0.7043477785339738 139 4161 0.03340543138668589 0.31235955056179776
12 8 256 139 0.31235955056179776 0.10694544580629656 0.30653020411926296 0.15933714921612974 0.1076463414686679 139 4161 0.03340543138668589 0.31235955056179776
1 8 32 57 0.9661016949152542 0.014179283826003364 0.5803457166435723 0.027948374872225314 0.014318975096560325 23 4161 0.0055275174236962266 0.3382352941176471
2 8 32 767 0.956359102244389 0.19274212929584233 0.9202606646145145 0.3208258501141291 0.19427800773843232 23 4161 0.0055275174236962266 0.3382352941176471
12 8 32 23 0.3382352941176471 0.016342225426580148 0.2830373604872219 0.031178047783747144 0.01649767663952215 23 4161 0.0055275174236962266 0.3382352941176471
1 8 2 858 0.9761092150170648 0.21124729632299927 0.9423282000876906 0.3473269074940263 0.21289901816038914 7 4161 0.0016822879115597211 0.11290322580645161
2 8 2 577 0.9412724306688418 0.14732035568372986 0.893591035043777 0.2547666878191327 0.1485610434985158 7 4161 0.0016822879115597211 0.11290322580645161
12 8 2 7 0.11290322580645161 0.014900264359528959 0.1060003337146063 0.026326165418094686 0.01502943209497268 7 4161 0.0016822879115597211 0.11290322580645161
1 8 128 23 1.0 0.0055275174236962266 0.3595418665841201 0.010994263862332695 0.005582484025156023 75 4161 0.01802451333813987 0.2631578947368421
2 8 128 2697 0.9708423326133909 0.6676279740447008 0.9664962892544728 0.7911788172243819 0.6696988746429514 75 4161 0.01802451333813987 0.2631578947368421
12 8 128 75 0.2631578947368421 0.0684931506849315 0.25595539787126204 0.10869565217391304 0.06899849706244021 75 4161 0.01802451333813987 0.2631578947368421
1 8 1024 479 0.958 0.1201634222542658 0.8961357892728143 0.2135419476184723 0.12121301711398819 147 4161 0.035328046142754144 0.3168103448275862
2 8 1024 2762 0.957033957033957 0.6935832732516222 0.9534482362784079 0.8042842790605317 0.6954788200782753 147 4161 0.035328046142754144 0.3168103448275862
12 8 1024 147 0.3168103448275862 0.11151165585195866 0.31113883410556403 0.16496022192044868 0.11223173648507616 147 4161 0.035328046142754144 0.3168103448275862
1 8 16 0 0 0.0 0 0 0 20 4161 0.004806536890170632 0.23529411764705882
2 8 16 1481 0.9648208469055375 0.368901706320596 0.949632487657699 0.5337302812435656 0.3711715395558513 20 4161 0.004806536890170632 0.23529411764705882
12 8 16 20 0.23529411764705882 0.020427781783225185 0.213101325522514 0.03759190668361988 0.020614162782251647 20 4161 0.004806536890170632 0.23529411764705882
1 3 4 2551 0.9732926363983212 0.6298966594568614 0.9680673500273504 0.7648177067128368 0.6321047631001092 157 4161 0.03773131458783946 0.3048543689320388
2 3 4 1093 0.8586017282010998 0.3059360730593607 0.8435147215585119 0.45112703213843486 0.3078983336560237 157 4161 0.03773131458783946 0.3048543689320388
12 3 4 157 0.3048543689320388 0.12376832492189377 0.3005012515373525 0.17605840814717877 0.12450054636227917 157 4161 0.03773131458783946 0.3048543689320388
1 3 512 263 0.9669117647058824 0.06536890170632059 0.8507423337783799 0.12245886639613739 0.06597798573850358 172 4161 0.04133621725546743 0.46112600536193027
2 3 512 3106 0.9761156505342552 0.7647200192261475 0.9734513303333217 0.8575825875009055 0.766363285904889 172 4161 0.04133621725546743 0.46112600536193027
12 3 512 172 0.46112600536193027 0.08964191300168228 0.4429514474120271 0.15010393988916979 0.09036266902830771 172 4161 0.04133621725546743 0.46112600536193027
1 3 8 3254 0.975712143928036 0.8014900264359529 0.9736167204036129 0.8800614415979421 0.8029094983349804 101 4161 0.02427301129536169 0.22246696035242292
2 3 8 504 0.7987321711568938 0.15164623888488343 0.7663549974800327 0.254897898252919 0.15287245963367227 101 4161 0.02427301129536169 0.22246696035242292
12 3 8 101 0.22246696035242292 0.10910838740687334 0.2202018166628241 0.14641022898350353 0.10966163840419835 101 4161 0.02427301129536169 0.22246696035242292
1 3 64 2804 0.9845505617977528 0.684450853160298 0.9802949822747051 0.8075205520647926 0.6865227164139838 147 4161 0.035328046142754144 0.36117936117936117
2 3 64 900 0.8670520231213873 0.2494592645998558 0.8463072241013263 0.38744643683652596 0.25123104120814055 147 4161 0.035328046142754144 0.36117936117936117
12 3 64 147 0.36117936117936117 0.09781302571497236 0.3518007410910457 0.15393739483041646 0.09852433664329406 147 4161 0.035328046142754144 0.36117936117936117
1 3 256 768 0.9758576874205845 0.18913722662821436 0.9372582199609326 0.31686149760276294 0.19065907034273138 181 4161 0.04349915885604422 0.3969298245614035
2 3 256 2763 0.9640614096301465 0.6887767363614515 0.9602615136225938 0.8034943687467971 0.6907295644117457 181 4161 0.04349915885604422 0.3969298245614035
12 3 256 181 0.3969298245614035 0.1095890410958904 0.38688616529061165 0.1717573097681039 0.11038018095804514 181 4161 0.04349915885604422 0.3969298245614035
1 3 32 2062 0.9721829325789721 0.5097332372025956 0.9635279837683672 0.6688016009024804 0.512145298396519 15 4161 0.003604902667627974 0.11904761904761904
2 3 32 284 0.922077922077922 0.07402066810862773 0.8281373557337728 0.1370402980444748 0.07470090793678967 15 4161 0.003604902667627974 0.11904761904761904
12 3 32 15 0.11904761904761904 0.03028118240807498 0.11568985736493305 0.048281411656512244 0.030506397569843975 15 4161 0.003604902667627974 0.11904761904761904
1 3 2 1405 0.9729916897506925 0.3470319634703196 0.9559199776282685 0.5115957061989895 0.3492566074480321 157 4161 0.03773131458783946 0.36596736596736595
2 3 2 2046 0.9351005484460695 0.5258351357846671 0.927949684805764 0.6731421912298179 0.5281236889517998 157 4161 0.03773131458783946 0.36596736596736595
12 3 2 157 0.36596736596736595 0.10310021629416005 0.3569564164050488 0.1608779460133426 0.10383868442757457 157 4161 0.03773131458783946 0.36596736596736595
1 3 128 1981 0.971554683668465 0.4900264359528959 0.9621932323496208 0.6514691146184715 0.49244294857864723 86 4161 0.020668108627733717 0.31386861313868614
2 3 128 948 0.9106628242074928 0.2501802451333814 0.8874654705208479 0.3925248030699784 0.25198977310583126 86 4161 0.020668108627733717 0.31386861313868614
12 3 128 86 0.31386861313868614 0.06584955539533766 0.30258474853174255 0.10886025658201708 0.06636880935566734 86 4161 0.020668108627733717 0.31386861313868614
1 3 1024 509 0.9769673704414588 0.12521028598894496 0.9153183018728457 0.2219721351474644 0.12630051932663844 78 4161 0.018745493871665464 0.3291139240506329
2 3 1024 2128 0.9568345323741008 0.5344869021869743 0.949406669136343 0.6858555282076728 0.5368330267888647 78 4161 0.018745493871665464 0.3291139240506329
12 3 1024 78 0.3291139240506329 0.05695746214852199 0.3142471090429319 0.09710895208377657 0.05742765072149275 78 4161 0.018745493871665464 0.3291139240506329
1 3 16 669 0.9752186588921283 0.16486421533285267 0.9299610104136545 0.2820473188591727 0.1662318365986675 81 4161 0.01946647440519106 0.40703517587939697
2 3 16 2089 0.9626728110599079 0.5215092525835135 0.9546768142076396 0.67652451875869 0.5238862931147131 81 4161 0.01946647440519106 0.40703517587939697
12 3 16 81 0.40703517587939697 0.047825042057197786 0.3788609682577323 0.08559321583891334 0.04824660460333025 81 4161 0.01946647440519106 0.40703517587939697
1 5 4 489 0.9741035856573705 0.12064407594328286 0.9103418603231143 0.2146975619803449 0.12169978983030959 214 4161 0.05142994472482576 0.3715277777777778
2 5 4 3077 0.9670018856065368 0.7647200192261475 0.9644759369683251 0.8540467132616186 0.7663071442232509 214 4161 0.05142994472482576 0.3715277777777778
12 5 4 214 0.3715277777777778 0.1384282624369142 0.3654351375631846 0.20170344370535823 0.1392935485005702 214 4161 0.05142994472482576 0.3715277777777778
1 5 512 160 0.9815950920245399 0.03917327565489065 0.792762425285765 0.07533990342741673 0.03954922519580288 52 4161 0.012496995914443643 0.33986928104575165
2 5 512 1825 0.9564989517819706 0.4585436193222783 0.946324096106658 0.6199057190001076 0.4609194173610743 52 4161 0.012496995914443643 0.33986928104575165
12 5 512 52 0.33986928104575165 0.03677000720980533 0.3142239073512712 0.06636055400553004 0.037097571910374265 52 4161 0.012496995914443643 0.33986928104575165
1 5 8 3020 0.9710610932475884 0.7474164864215332 0.9681927164960178 0.8446861093823634 0.749124709654732 64 4161 0.015380918048546022 0.130879345603272
2 5 8 563 0.7447089947089947 0.18168709444844988 0.7225402114886481 0.29210834337904434 0.18305735926947708 64 4161 0.015380918048546022 0.130879345603272
12 5 8 64 0.130879345603272 0.11751982696467195 0.13073220217513118 0.1238403323935302 0.11763871786177355 64 4161 0.015380918048546022 0.130879345603272
1 5 64 450 0.9656652360515021 0.11199230954097572 0.8978995720290571 0.20070769322063586 0.11298120352355277 111 4161 0.026676279740447006 0.3208092485549133
2 5 64 2791 0.967753120665742 0.6931026195626051 0.9639710861383863 0.8077188244309425 0.6950556725838506 111 4161 0.026676279740447006 0.3208092485549133
12 5 64 111 0.3208092485549133 0.08315308819995193 0.3119809424094044 0.1320731034221879 0.08376749548057892 111 4161 0.026676279740447006 0.3208092485549133
1 5 256 102 0.9807692307692307 0.024993991828887285 0.711415902290936 0.04874574370804019 0.02523750020493244 40 4161 0.009613073780341264 0.449438202247191
2 5 256 1639 0.974435196195006 0.40422975246335013 0.961013384359566 0.5714161349105188 0.40658539177904546 40 4161 0.009613073780341264 0.449438202247191
12 5 256 40 0.449438202247191 0.02138908916125931 0.37511214972771084 0.04083481971312392 0.02159270392887403 40 4161 0.009613073780341264 0.449438202247191
1 5 32 1572 0.9703703703703703 0.3893294881038212 0.9562405970156445 0.5557017561086737 0.39165140933858106 162 4161 0.03893294881038212 0.34394904458598724
2 5 32 1611 0.8930155210643016 0.433549627493391 0.8837425510802029 0.5837128269564311 0.4357695087121613 162 4161 0.03893294881038212 0.34394904458598724
12 5 32 162 0.34394904458598724 0.11319394376351838 0.33714413508475877 0.1703316021577747 0.11395086985086997 162 4161 0.03893294881038212 0.34394904458598724
1 5 2 69 0.971830985915493 0.017063205960105743 0.6253707933049295 0.03353756631867191 0.01723081266952039 283 4161 0.06801249699591444 0.387140902872777
2 5 2 3655 0.9783190578158458 0.897861091083874 0.9774518286182701 0.9363648977885358 0.8985927860942506 283 4161 0.06801249699591444 0.387140902872777
12 5 2 283 0.387140902872777 0.1756789233357366 0.3825814247251645 0.24168479441844382 0.1766341723291241 283 4161 0.06801249699591444 0.387140902872777
1 5 128 379 0.9818652849740933 0.0927661619802932 0.8967673525739718 0.16951648740016742 0.09360538567991404 101 4161 0.02427301129536169 0.31076923076923074
2 5 128 2648 0.9636098981077147 0.6604181687094448 0.9592496758755729 0.7837124213078503 0.6624819743258238 101 4161 0.02427301129536169 0.31076923076923074
12 5 128 101 0.31076923076923074 0.07810622446527277 0.3018662611341537 0.12483694184671201 0.07868951484896476 101 4161 0.02427301129536169 0.31076923076923074
1 5 1024 19 0.95 0.004806536890170632 0.3223611822709748 0.009564681156319612 0.004854356652289946 179 4161 0.043018505167027155 0.4261904761904762
2 5 1024 3260 0.9757557617479796 0.8029319875030041 0.9736807529761913 0.8809477812254963 0.8043425164806682 179 4161 0.043018505167027155 0.4261904761904762
12 5 1024 179 0.4261904761904762 0.10093727469358327 0.4130135847407581 0.1632185180722499 0.10170577149493089 179 4161 0.043018505167027155 0.4261904761904762
1 5 16 934 0.9739311783107404 0.2304734438836818 0.9437880385218117 0.37274063655118383 0.23222862684916767 160 4161 0.038452295121365054 0.3426124197002141
2 5 16 2469 0.9507123604158645 0.6241288151886566 0.9458122751437528 0.7535578676545509 0.6262588055120943 160 4161 0.038452295121365054 0.3426124197002141
12 5 16 160 0.3426124197002141 0.11223263638548425 0.335787949628604 0.16907865483810017 0.11298484810534658 160 4161 0.038452295121365054 0.3426124197002141
1 7 4 1449 0.9711796246648794 0.35856765200672913 0.9550246024801491 0.5237590688126843 0.36082114663112963 224 4161 0.053833213169911076 0.3388804841149773
2 7 4 2328 0.9161747343565525 0.6106705118961788 0.9116590731323246 0.7328586775758326 0.6126933480059721 224 4161 0.053833213169911076 0.3388804841149773
12 7 4 224 0.3388804841149773 0.15885604422013938 0.33512031732403996 0.21631208523102882 0.15969600223810945 224 4161 0.053833213169911076 0.3388804841149773
1 7 512 380 0.979381443298969 0.09324681566931026 0.895156045055237 0.17028117644613117 0.09408970110952687 259 4161 0.06224465272770968 0.3918305597579425
2 7 512 3267 0.966282165039929 0.8125450612833454 0.9644754027289812 0.8827701638367932 0.8138270537717736 259 4161 0.06224465272770968 0.3918305597579425
12 7 512 259 0.3918305597579425 0.15885604422013938 0.3862223951463352 0.22606198254347623 0.15979675625069883 259 4161 0.06224465272770968 0.3918305597579425
1 7 8 897 0.972885032537961 0.22158135063686613 0.9412853839287957 0.36095311272163383 0.2232886087655964 24 4161 0.005767844268204758 0.27586206896551724
2 7 8 998 0.9633204633204633 0.24897861091083873 0.9367114654761541 0.39568815306008026 0.2508201304249821 24 4161 0.005767844268204758 0.27586206896551724
12 7 8 24 0.27586206896551724 0.02090843547224225 0.2461447959998319 0.03887073804138393 0.021101526330529943 24 4161 0.005767844268204758 0.27586206896551724
1 7 64 430 0.9750566893424036 0.10598413842826243 0.9018379429052522 0.1911871235275703 0.10692775430445003 35 4161 0.008411439557798606 0.3211009174311927
2 7 64 1293 0.9613382899628253 0.323239605863975 0.9429088716157729 0.48380500856980146 0.32537795373354567 35 4161 0.008411439557798606 0.3211009174311927
12 7 64 35 0.3211009174311927 0.026195626051429943 0.288899219110243 0.04843952360395134 0.026436015634857153 35 4161 0.008411439557798606 0.3211009174311927
1 7 256 858 0.975 0.2114876231675078 0.9413518095722784 0.34758126180505267 0.21314017622716452 32 4161 0.007690459024273011 0.3333333333333333
2 7 256 968 0.96318407960199 0.24152847873107425 0.9355090397301168 0.3862106091201585 0.24333357912647838 32 4161 0.007690459024273011 0.3333333333333333
12 7 256 32 0.3333333333333333 0.023071377072819033 0.2941658323473196 0.04315576534052596 0.023285973659183265 32 4161 0.007690459024273011 0.3333333333333333
1 7 32 1539 0.9697542533081286 0.38139870223503963 0.9551655093418228 0.5474776370524889 0.38370360531564834 142 4161 0.034126411920211486 0.34134615384615385
2 7 32 2097 0.9441692931112111 0.5337659216534487 0.9370359199640752 0.681985770282414 0.5360730067493378 142 4161 0.034126411920211486 0.34134615384615385
12 7 32 142 0.34134615384615385 0.09997596731554914 0.3333771781260452 0.15465534258912605 0.10068084553744648 142 4161 0.034126411920211486 0.34134615384615385
1 7 2 1085 0.9748427672955975 0.26748377793799566 0.949969618335968 0.4197843590997686 0.26941936512179127 32 4161 0.007690459024273011 0.36363636363636365
2 7 2 572 0.9581239530988275 0.14347512617159336 0.9071274100370659 0.24957710594660842 0.1446932053021122 32 4161 0.007690459024273011 0.36363636363636365
12 7 2 32 0.36363636363636365 0.02114876231675078 0.313388103381404 0.039972745855098794 0.021347834232433912 32 4161 0.007690459024273011 0.36363636363636365
1 7 128 205 0.9903381642512077 0.04974765681326604 0.8341794953390536 0.09473641910400579 0.05021990641590594 11 4161 0.0026435952895938475 0.1746031746031746
2 7 128 1145 0.9695173581710415 0.2838260033645758 0.9468685776725106 0.4391043115672956 0.28582750397950196 11 4161 0.0026435952895938475 0.1746031746031746
12 7 128 11 0.1746031746031746 0.01514059120403749 0.158115169053315 0.027864897466827503 0.015278748257229918 11 4161 0.0026435952895938475 0.1746031746031746
1 7 1024 273 0.9715302491103203 0.06753184330689738 0.857835200922758 0.12628548193534686 0.06815978333037064 92 4161 0.022110069694784906 0.33212996389891697
2 7 1024 2758 0.9724964739069112 0.6815669310261956 0.9684037316609798 0.8014462265203621 0.6835916986864295 92 4161 0.022110069694784906 0.33212996389891697
12 7 1024 92 0.33212996389891697 0.06657053592886325 0.31951042936986823 0.11091066955940819 0.067101745769434 92 4161 0.022110069694784906 0.33212996389891697
1 7 16 619 0.9687010954616588 0.15356885364095169 0.9203341043245286 0.2651096857217542 0.15485904306694273 16 4161 0.0038452295121365054 0.20512820512820512
2 7 16 752 0.9543147208121827 0.1893775534727229 0.9176171424912798 0.31603918489947774 0.19089251521866565 16 4161 0.0038452295121365054 0.20512820512820512
12 7 16 16 0.20512820512820512 0.018745493871665464 0.1867444175792917 0.03435177539223782 0.01891566286756695 16 4161 0.0038452295121365054 0.20512820512820512
1 4 4 2283 0.9777301927194861 0.5611631819274213 0.9705965219558971 0.7130658888421906 0.5635404027821501 167 4161 0.040134583032924775 0.3450413223140496
2 4 4 1399 0.8865652724968315 0.37923576063446285 0.8749760148583031 0.5312323922436897 0.38139666190400257 167 4161 0.040134583032924775 0.3450413223140496
12 4 4 167 0.3450413223140496 0.11631819274212929 0.3384520387171287 0.1739839830897935 0.1170866593780103 167 4161 0.040134583032924775 0.3450413223140496
1 4 512 2529 0.9760710150521035 0.6226868541216054 0.970617155220107 0.7603235004887897 0.6249269859099511 122 4161 0.029319875030040854 0.28841607565011823
2 4 512 996 0.8564058469475494 0.27950012016342224 0.8392546190545084 0.42145308513396124 0.2813768084873045 122 4161 0.029319875030040854 0.28841607565011823
12 4 512 122 0.28841607565011823 0.10165825522710886 0.28326372125342836 0.150329681853734 0.10231421002820615 122 4161 0.029319875030040854 0.28841607565011823
1 4 8 2456 0.9808306709265175 0.6017784186493631 0.9747516299744892 0.7459109567873532 0.6040898724878828 84 4161 0.020187454938716654 0.24489795918367346
2 4 8 1114 0.8876494023904382 0.30161018985820714 0.8708951458059879 0.45023661196844833 0.3035947216190649 84 4161 0.020187454938716654 0.24489795918367346
12 4 8 84 0.24489795918367346 0.08243210766642634 0.24021051269131738 0.12334616940619428 0.08297712957287284 84 4161 0.020187454938716654 0.24489795918367346
1 4 64 2783 0.9809658089531195 0.6818072578707042 0.9767226462528498 0.804474911955148 0.683872167768462 86 4161 0.020668108627733717 0.25825825825825827
2 4 64 791 0.8818283166109253 0.21557317952415284 0.8556453843849523 0.3464521137901737 0.2171979457010432 86 4161 0.020668108627733717 0.25825825825825827
12 4 64 86 0.25825825825825827 0.08002883922134102 0.2526864840016543 0.12219271016672532 0.08057942879674936 86 4161 0.020668108627733717 0.25825825825825827
1 4 256 1503 0.9772431729518856 0.3696226868541216 0.9615921288899193 0.5363730094819529 0.3719122300889043 203 4161 0.04878634943523191 0.401980198019802
2 4 256 2146 0.9416410706450198 0.5477048786349435 0.93498279883407 0.6925743593214839 0.5499829553585135 203 4161 0.04878634943523191 0.401980198019802
12 4 256 203 0.401980198019802 0.12136505647680845 0.39298375845341793 0.1864404005426895 0.12220973386018547 203 4161 0.04878634943523191 0.401980198019802
1 4 32 2754 0.98111863199145 0.6745974525354482 0.9767245664699037 0.7994850517691443 0.6766906382356453 130 4161 0.031242489786109107 0.3672316384180791
2 4 32 968 0.9123468426013195 0.254986782023552 0.8896388873175141 0.39857737424297607 0.25681888093229444 130 4161 0.031242489786109107 0.3672316384180791
12 4 32 130 0.3672316384180791 0.08507570295602018 0.35555626952089614 0.1381471708648157 0.08572785624695536 130 4161 0.031242489786109107 0.3672316384180791
1 4 2 408 0.9807692307692307 0.09997596731554914 0.9020822080894633 0.1814550788349448 0.10087290090558976 226 4161 0.05431386685892814 0.4208566108007449
2 4 2 3262 0.9696789536266349 0.8084595049267003 0.9677681804971288 0.8817605434670549 0.8097925408724257 226 4161 0.05431386685892814 0.4208566108007449
12 4 2 226 0.4208566108007449 0.12905551550108146 0.4116413430021795 0.19753653087881637 0.12994758688790264 226 4161 0.05431386685892814 0.4208566108007449
1 4 128 2765 0.9804964539007093 0.6777217015140591 0.9761785185288343 0.801467192837336 0.6798001223856766 83 4161 0.019947128094208122 0.21391752577319587
2 4 128 841 0.8477822580645161 0.23840422975246334 0.826856480918098 0.37215501849573934 0.24011305189003737 83 4161 0.019947128094208122 0.21391752577319587
12 4 128 83 0.21391752577319587 0.09324681566931026 0.2112113024077059 0.12987919105800078 0.09377053732533291 83 4161 0.019947128094208122 0.21391752577319587
1 4 1024 1008 0.9739130434782609 0.2487382840663302 0.9465892961266542 0.3962690814741127 0.25058566881179134 168 4161 0.04037490987743331 0.3300589390962672
2 4 1024 2495 0.9490300494484595 0.6318192742129296 0.9443358647741591 0.7585991505629683 0.633917146726122 168 4161 0.04037490987743331 0.3300589390962672
12 4 1024 168 0.3300589390962672 0.12232636385484258 0.3246011936341317 0.17849788494033683 0.12309341896295616 168 4161 0.04037490987743331 0.3300589390962672
1 4 16 3505 0.9798714006150405 0.8596491228070176 0.9785164904438604 0.9158316846994332 0.8606946699260729 38 4161 0.0091324200913242 0.09595959595959595
2 4 16 53 0.4774774774774775 0.026676279740447006 0.40903862159265275 0.050529516349300425 0.026927998083534556 38 4161 0.0091324200913242 0.09595959595959595
12 4 16 38 0.09595959595959595 0.09516943042537851 0.09595170823116926 0.09556287984149059 0.09517719005829935 38 4161 0.0091324200913242 0.09595959595959595
1 6 4 1064 0.971689497716895 0.2631578947368421 0.9464591450654906 0.4141528161613016 0.26507159330562513 288 4161 0.0692141312184571 0.38866396761133604
2 6 4 2703 0.9424686192468619 0.6892573900504686 0.9390529936615913 0.7962163463782738 0.6910957600220573 288 4161 0.0692141312184571 0.38866396761133604
12 6 4 288 0.38866396761133604 0.1780821917808219 0.38416618918161094 0.24425090517663178 0.17904265700393884 288 4161 0.0692141312184571 0.38866396761133604
1 6 512 71 0.9726027397260274 0.017543859649122806 0.6319732087776503 0.03446601941747573 0.017716102605657983 162 4161 0.03893294881038212 0.3698630136986301
2 6 512 3223 0.973421926910299 0.7957221821677481 0.971274364017631 0.8756476263029248 0.7971630078551482 162 4161 0.03893294881038212 0.3698630136986301
12 6 512 162 0.3698630136986301 0.10526315789473684 0.36088136041818303 0.1638846737481032 0.10601407300859153 162 4161 0.03893294881038212 0.3698630136986301
1 6 8 2563 0.9853902345251826 0.6250901225666907 0.9797986201797847 0.7649366224964492 0.6273613075047217 104 4161 0.024993991828887285 0.29545454545454547
2 6 8 870 0.8639523336643495 0.2420091324200913 0.8425147848173631 0.3781042308149618 0.2437464445760003 104 4161 0.024993991828887285 0.29545454545454547
12 6 8 104 0.29545454545454547 0.08459504926700312 0.28833864768265877 0.13153015909515528 0.0851970620787393 104 4161 0.024993991828887285 0.29545454545454547
1 6 64 2361 0.9764267990074442 0.5811103100216294 0.9698941501459183 0.72860116987948 0.5834490762917791 79 4161 0.018985820716173996 0.2598684210526316
2 6 64 1013 0.9012455516014235 0.2701273732275895 0.8808689377246319 0.41566795394844797 0.27201335026675183 79 4161 0.018985820716173996 0.2598684210526316
12 6 64 79 0.2598684210526316 0.0730593607305936 0.253451948675901 0.11405368824723663 0.07358308299192376 79 4161 0.018985820716173996 0.2598684210526316
1 6 256 1065 0.9681818181818181 0.26435952895938475 0.9433159375121705 0.41531765241829915 0.26627606437623846 182 4161 0.04373948570055275 0.3775933609958506
2 6 256 2420 0.950510604870385 0.6118721461187214 0.9453305078337189 0.7444922997805185 0.6140381202825 182 4161 0.04373948570055275 0.3775933609958506
12 6 256 182 0.3775933609958506 0.11583753905311223 0.3693303068124814 0.17728717717602407 0.11663809380530853 182 4161 0.04373948570055275 0.3775933609958506
1 6 32 1705 0.980448533640023 0.41792838260033643 0.9675544565519046 0.5860469593401317 0.42031601712308564 157 4161 0.03773131458783946 0.41424802110817943
2 6 32 1863 0.9423368740515933 0.47512617159336695 0.9332507056368105 0.6317327463245056 0.47747002982580616 157 4161 0.03773131458783946 0.41424802110817943
12 6 32 157 0.41424802110817943 0.09108387406873347 0.4001899266429817 0.14933280462983645 0.09179288079649994 157 4161 0.03773131458783946 0.41424802110817943
1 6 2 54 0.9642857142857143 0.013458303292477769 0.5673925401360593 0.02654610894087697 0.013590989463761452 166 4161 0.039894256188416244 0.4598337950138504
2 6 2 2825 0.9721266345492086 0.6983898101417928 0.9683686526915678 0.8128304727490229 0.7003423476996227 166 4161 0.039894256188416244 0.4598337950138504
12 6 2 166 0.4598337950138504 0.0867579908675799 0.4410553627948062 0.14597459097956633 0.0874605567588686 166 4161 0.039894256188416244 0.4598337950138504
1 6 128 3177 0.9772377729929252 0.7813025714972363 0.9748173287588154 0.8683546981402525 0.7828566505048998 123 4161 0.029560201874549386 0.24308300395256918
2 6 128 651 0.7987730061349694 0.19586637827445325 0.7751489769953878 0.3145919581053982 0.1973411436930464 123 4161 0.029560201874549386 0.24308300395256918
12 6 128 123 0.24308300395256918 0.12160538332131698 0.24070231656007757 0.16211210943960905 0.12221006566253084 123 4161 0.029560201874549386 0.24308300395256918
1 6 1024 717 0.9862448418156808 0.17471761595770247 0.9428834667288436 0.29684740683708216 0.1761527298008006 181 4161 0.04349915885604422 0.3693877551020408
2 6 1024 2616 0.9471397538015931 0.6637827445325643 0.9431534628718168 0.7805403747038697 0.6657547713131605 181 4161 0.04349915885604422 0.3693877551020408
12 6 1024 181 0.3693877551020408 0.11776015380918048 0.3617348057744371 0.17858707000617172 0.11855978886680026 181 4161 0.04349915885604422 0.3693877551020408
1 6 16 1695 0.9775086505190311 0.4167267483777938 0.9646559705171274 0.5843403513700425 0.4191072979496308 116 4161 0.027877913962989664 0.2878411910669975
2 6 16 1655 0.927170868347339 0.4289834174477289 0.916631233693709 0.586571796185325 0.43127781542542015 116 4161 0.027877913962989664 0.2878411910669975
12 6 16 116 0.2878411910669975 0.09685171833693823 0.28232885119785384 0.14493593867474827 0.09749219745137772 116 4161 0.027877913962989664 0.2878411910669975
1 1 4 3397 0.9826439109054094 0.8308099014659938 0.9808690796538608 0.9003706465817412 0.832082871268353 95 4161 0.0228310502283105 0.16020236087689713
2 1 4 474 0.6810344827586207 0.167267483777938 0.6609346776764843 0.26857163790892774 0.16852624475929637 95 4161 0.0228310502283105 0.16020236087689713
12 1 4 95 0.16020236087689713 0.14251381879355923 0.16000573112717748 0.15084129466198268 0.14266978616889897 95 4161 0.0228310502283105 0.16020236087689713
1 1 512 1702 0.9648526077097506 0.4239365537130497 0.9528156560345827 0.5890545530100009 0.42630283157015675 281 4161 0.06753184330689738 0.3952180028129395
2 1 512 2225 0.9243872039883673 0.5784667147320356 0.9189463546815291 0.7116157097780649 0.5806179675831274 281 4161 0.06753184330689738 0.3952180028129395
12 1 512 281 0.3952180028129395 0.17087238644556596 0.3901463227722576 0.2385903191020575 0.17183816849753777 281 4161 0.06753184330689738 0.3952180028129395
1 1 8 2094 0.9694444444444444 0.5191059841384282 0.961188435279828 0.6761536629699042 0.5215045566160832 157 4161 0.03773131458783946 0.3237113402061856
2 1 8 1450 0.9136735979836169 0.38139870223503963 0.9012208095417297 0.5381536219692683 0.38361136383164834 157 4161 0.03773131458783946 0.3237113402061856
12 1 8 157 0.3237113402061856 0.11655851958663782 0.31811366393725427 0.17140085222092916 0.11730173722420101 157 4161 0.03773131458783946 0.3237113402061856
1 1 64 1910 0.975485188968335 0.47055996154770485 0.965230517092605 0.634868521010546 0.4729839549004969 301 4161 0.07233838019706801 0.4174757281553398
2 1 64 1984 0.9105094079853143 0.5236721941840904 0.9038984106646036 0.6649206192349502 0.5258843344915736 301 4161 0.07233838019706801 0.4174757281553398
12 1 64 301 0.4174757281553398 0.17327565489065128 0.4117305961968505 0.24490295671956586 0.17428503158895778 301 4161 0.07233838019706801 0.4174757281553398
1 1 256 1383 0.96916608269096 0.3429464071136746 0.951955494128369 0.5066212364227816 0.3451545170368393 302 4161 0.07257870704157654 0.4
2 1 256 2539 0.9348306332842415 0.6527277096851718 0.9308474282090062 0.7687148770430013 0.6546837817931948 302 4161 0.07257870704157654 0.4
12 1 256 302 0.4 0.18144676760394135 0.39528590904614047 0.24964867322476642 0.18243368521785935 302 4161 0.07257870704157654 0.4
1 1 32 2313 0.970625262274444 0.5726988704638308 0.9639934969772886 0.7203619506188362 0.5750329870174533 253 4161 0.06080269166065849 0.39593114241001565
2 1 32 1555 0.8926521239954076 0.41864936313386203 0.8827563467374736 0.5699806594879977 0.42086203495751184 253 4161 0.06080269166065849 0.39593114241001565
12 1 32 253 0.39593114241001565 0.15356885364095169 0.38983961091596087 0.2213018820659606 0.15450526634143885 253 4161 0.06080269166065849 0.39593114241001565
1 1 2 969 0.96996996996997 0.24008651766402306 0.9416271319308366 0.384902216894201 0.24188866114705243 77 4161 0.018505167027156932 0.21388888888888888
2 1 2 1815 0.9102306920762286 0.479211727950012 0.9021963809158212 0.6278680087725362 0.48146904154335923 77 4161 0.018505167027156932 0.21388888888888888
12 1 2 77 0.21388888888888888 0.08651766402307137 0.21081598690159642 0.12320082133880891 0.08703080265967864 77 4161 0.018505167027156932 0.21388888888888888
1 1 128 1475 0.9703947368421053 0.365296803652968 0.9547365322107422 0.5307843688501546 0.3675661005239929 299 4161 0.07185772650805095 0.4101508916323731
2 1 128 2442 0.9345579793340988 0.6279740447007931 0.9300622686822478 0.7511886415925758 0.6300203779782977 299 4161 0.07185772650805095 0.4101508916323731
12 1 128 299 0.4101508916323731 0.17519826964671953 0.4047763157031063 0.24552090021288817 0.1761976142831928 299 4161 0.07185772650805095 0.4101508916323731
1 1 1024 1483 0.9654947916666666 0.3691420331651045 0.9502946841926049 0.5340849342308184 0.37141341163739 287 4161 0.06897380437394857 0.39805825242718446
2 1 1024 2445 0.9289513677811551 0.6325402547464551 0.9246612659126313 0.7526125998322094 0.6345449229569441 287 4161 0.06897380437394857 0.39805825242718446
12 1 1024 287 0.39805825242718446 0.17327565489065128 0.39301038673532795 0.24144831416623105 0.17424989770556393 287 4161 0.06897380437394857 0.39805825242718446
1 1 16 3468 0.9818799546998868 0.8488344148041336 0.9803585634501658 0.9105227015630931 0.8499747343512262 95 4161 0.0228310502283105 0.16695957820738136
2 1 16 371 0.6003236245954693 0.14852198990627252 0.5827713322165159 0.2381298830787446 0.14963700306104438 95 4161 0.0228310502283105 0.16695957820738136
12 1 16 95 0.16695957820738136 0.13674597452535447 0.16659513578839105 0.15034990320642622 0.13699142461641972 95 4161 0.0228310502283105 0.16695957820738136
1 2 4 3392 0.9780853517877739 0.8334534967555876 0.9764077363210535 0.8999957767711395 0.834675531377328 88 4161 0.02114876231675078 0.20276497695852536
2 2 4 165 0.6875 0.05767844268204758 0.620423434805978 0.10642800991715547 0.05820639432081625 88 4161 0.02114876231675078 0.20276497695852536
12 2 4 88 0.20276497695852536 0.10430185051670271 0.20088733495790598 0.13774696857124308 0.1048057505855973 88 4161 0.02114876231675078 0.20276497695852536
1 2 512 2650 0.9749816041206769 0.6532083633741889 0.9702494354836935 0.782299548163279 0.6553498003667437 224 4161 0.053833213169911076 0.3708609271523179
2 2 512 1215 0.8508403361344538 0.3431867339581831 0.8385588992966422 0.489096308436645 0.34522613054634893 224 4161 0.053833213169911076 0.3708609271523179
12 2 512 224 0.3708609271523179 0.14515741408315308 0.3652381119368582 0.2086484485842946 0.1460373882498225 224 4161 0.053833213169911076 0.3708609271523179
1 2 8 1018 0.9640151515151515 0.25378514780100936 0.9380240076721542 0.4017944942977376 0.25564997907158765 258 4161 0.06200432588320115 0.3805309734513274
2 2 8 2760 0.9478021978021978 0.699831771208844 0.9444887384707091 0.8051570959558215 0.7016492983260844 258 4161 0.06200432588320115 0.3805309734513274
12 2 8 258 0.3805309734513274 0.16294160057678442 0.375565394435918 0.22817830685967197 0.16386933567604586 258 4161 0.06200432588320115 0.3805309734513274
1 2 64 2287 0.9723639455782312 0.5652487382840663 0.9654790209349717 0.7149101970340329 0.5676016778616003 141 4161 0.033886085075702954 0.3294392523364486
2 2 64 1175 0.8928571428571429 0.31627012737322757 0.8770265187756098 0.46708737657322547 0.31830531945098484 141 4161 0.033886085075702954 0.3294392523364486
12 2 64 141 0.3294392523364486 0.10285988944965152 0.32240758724325247 0.15677146586827903 0.10356512985749443 141 4161 0.033886085075702954 0.3294392523364486
1 2 256 2064 0.9717514124293786 0.5104542177361211 0.9631337545860805 0.6693195558975485 0.5128647174372342 214 4161 0.05142994472482576 0.4060721062618596
2 2 256 1693 0.9072883172561629 0.44844989185291995 0.8981893441426738 0.6002240624616149 0.45070666062908654 214 4161 0.05142994472482576 0.4060721062618596
12 2 256 214 0.4060721062618596 0.12665224705599615 0.39739166602763937 0.19308276186179732 0.1275210365727336 214 4161 0.05142994472482576 0.4060721062618596
1 2 32 2427 0.9731355252606255 0.5993751502042778 0.967164164002068 0.7418369372274881 0.6016631287813304 213 4161 0.05118961788031723 0.32921174652241114
2 2 32 1359 0.8488444722048719 0.3847632780581591 0.8388271541999908 0.5295105865174008 0.38685736806439974 213 4161 0.05118961788031723 0.32921174652241114
12 2 32 213 0.32921174652241114 0.15549146839701994 0.3256099412188304 0.21122045946745424 0.1563081172405744 213 4161 0.05118961788031723 0.32921174652241114
1 2 2 2909 0.977486559139785 0.71521268925739 0.9739503717816849 0.8260307214495544 0.7171177697956777 161 4161 0.038692621965873586 0.2839506172839506
2 2 2 892 0.7921847246891652 0.27060802691660657 0.7773502264519421 0.4034117563894119 0.2723836524514536 161 4161 0.038692621965873586 0.2839506172839506
12 2 2 161 0.2839506172839506 0.1362653208363374 0.28093596049656994 0.18415589917390385 0.13697066427404428 161 4161 0.038692621965873586 0.2839506172839506
1 2 128 2852 0.9767123287671233 0.7017543859649122 0.9729379549901523 0.8167122463882246 0.7037158283047906 81 4161 0.01946647440519106 0.26557377049180325
2 2 128 454 0.8664122137404581 0.12593126652247055 0.8187462615039364 0.21990044692582508 0.1270059785613132 81 4161 0.01946647440519106 0.26557377049180325
12 2 128 81 0.26557377049180325 0.07329968757510213 0.25885101790635046 0.11488934256602473 0.07382891296227119 81 4161 0.01946647440519106 0.26557377049180325
1 2 1024 1283 0.9749240121580547 0.31627012737322757 0.9552277133488086 0.4776033782439202 0.3183999236906202 116 4161 0.027877913962989664 0.31955922865013775
2 2 1024 2159 0.9460999123575811 0.5484258591684691 0.9393559035809458 0.6943549146885697 0.5507177713392198 116 4161 0.027877913962989664 0.31955922865013775
12 2 1024 116 0.31955922865013775 0.08723864455659697 0.31134992769907355 0.1370602739057198 0.08787114559282785 116 4161 0.027877913962989664 0.31955922865013775
1 2 16 2206 0.968818620992534 0.5472242249459265 0.9614844604815779 0.6994011025560963 0.5495921694204386 210 4161 0.050468637346791634 0.4
2 2 16 1382 0.8933419521654816 0.37178562845469837 0.8811038425446311 0.5250564515366519 0.3739472139338246 210 4161 0.050468637346791634 0.4
12 2 16 210 0.4 0.12617159336697908 0.39158561712120876 0.1918333790079474 0.12703261162519092 210 4161 0.050468637346791634 0.4
1 9 4 3178 0.9799568300955905 0.779379956741168 0.9774661841681968 0.8682348002525788 0.7809625990618475 158 4161 0.03797164143234799 0.3204868154158215
2 9 4 580 0.830945558739255 0.16774813746695505 0.7996443838104673 0.2791437862168446 0.1690842779150514 158 4161 0.03797164143234799 0.3204868154158215
12 9 4 158 0.3204868154158215 0.11848113434270607 0.31516655210741884 0.17300416330274618 0.11922518076291228 158 4161 0.03797164143234799 0.3204868154158215
1 9 512 0 0 0.0 0 0 0 223 4161 0.053592886325402544 0.42314990512333966
2 9 512 3482 0.9808450704225352 0.8531602980052871 0.9793938130070059 0.9125579313827838 0.8542613506318019 223 4161 0.053592886325402544 0.42314990512333966
12 9 512 223 0.42314990512333966 0.12665224705599615 0.4135640734511853 0.19495335226669497 0.1275370406737635 223 4161 0.053592886325402544 0.42314990512333966
1 9 8 1635 0.969176052163604 0.4054313866858928 0.9560144678725011 0.5717041530057816 0.4077798520589333 231 4161 0.0555155010814708 0.3553846153846154
2 9 8 2221 0.9154987633965375 0.5830329247776976 0.9103589748640832 0.7123852313110209 0.5851368258899731 231 4161 0.0555155010814708 0.3553846153846154
12 9 8 231 0.3553846153846154 0.15621244893054553 0.35095422387223724 0.2170282237869582 0.15708409638953572 231 4161 0.0555155010814708 0.3553846153846154
1 9 64 611 0.9713831478537361 0.15116558519586637 0.9218587565792441 0.2616184004694331 0.1524400155595073 35 4161 0.008411439557798606 0.24305555555555555
2 9 64 1311 0.9438444924406048 0.3338139870223504 0.927070425335114 0.493196731701134 0.335963907304589 35 4161 0.008411439557798606 0.24305555555555555
12 9 64 35 0.24305555555555555 0.03460706560922855 0.22937633914389421 0.060587482193411105 0.034903439576814306 35 4161 0.008411439557798606 0.24305555555555555
1 9 256 48 0.96 0.01201634222542658 0.5389924576632986 0.023735585576675832 0.012134986708585102 226 4161 0.05431386685892814 0.3896551724137931
2 9 256 3552 0.9809444904722452 0.8702235039653929 0.9797103191627164 0.9222728075024111 0.8711971039618024 226 4161 0.05431386685892814 0.3896551724137931
12 9 256 226 0.3896551724137931 0.13938956981494832 0.3828493990784256 0.20532806594057265 0.14028164238410595 226 4161 0.05431386685892814 0.3896551724137931
1 9 32 1994 0.9693728731161886 0.4943523191540495 0.9602373577973901 0.6547837401182588 0.4967624963140247 34 4161 0.008171112713290074 0.1504424778761062
2 9 32 964 0.9111531190926276 0.2542658014900264 0.8884281213779975 0.3975824898919574 0.25609380578296087 34 4161 0.008171112713290074 0.1504424778761062
12 9 32 34 0.1504424778761062 0.05431386685892814 0.14785160201589842 0.07981303557517527 0.054659669108149345 34 4161 0.008171112713290074 0.1504424778761062
1 9 2 52 0.9454545454545454 0.013217976447969237 0.5567076273146363 0.026071459500357795 0.013348290047816043 174 4161 0.0418168709444845 0.4496124031007752
2 9 2 2924 0.970461334218387 0.7241047825042057 0.9672032741659639 0.8293753621157571 0.7259293454854745 174 4161 0.0418168709444845 0.4496124031007752
12 9 2 174 0.4496124031007752 0.09300648882480173 0.43316828561700293 0.1541298011062243 0.09374263838533049 174 4161 0.0418168709444845 0.4496124031007752
1 9 128 0 0 0.0 0 0 0 63 4161 0.01514059120403749 0.4012738853503185
2 9 128 2264 0.973763440860215 0.558759913482336 0.9666549623049805 0.7100707136704394 0.5611276787226088 63 4161 0.01514059120403749 0.4012738853503185
12 9 128 63 0.4012738853503185 0.03773131458783946 0.3663275569912172 0.06897681943708331 0.03807282829811514 63 4161 0.01514059120403749 0.4012738853503185
1 9 1024 1 0.5 0.0004806536890170632 0.0442885332163999 0.0009603841536614645 0.0004854555591871262 181 4161 0.04349915885604422 0.3926247288503254
2 9 1024 3276 0.9752902649598094 0.8072578707041577 0.9732844118712056 0.8833542577145502 0.8086372747936016 181 4161 0.04349915885604422 0.3926247288503254
12 9 1024 181 0.3926247288503254 0.11079067531843306 0.38297880945725615 0.1728161613483807 0.11158371562789761 181 4161 0.04349915885604422 0.3926247288503254
1 9 16 291 0.9667774086378738 0.07233838019706801 0.8613312438156895 0.13460504113866664 0.07300713696717133 157 4161 0.03773131458783946 0.36941176470588233
2 9 16 3076 0.9752694990488269 0.7579908675799086 0.9725093948630328 0.8530113397170751 0.7596665588615974 157 4161 0.03773131458783946 0.36941176470588233
12 9 16 157 0.36941176470588233 0.10213890891612593 0.3600825656343309 0.1600307949855019 0.10287585585496195 157 4161 0.03773131458783946 0.36941176470588233
1 10 4 437 0.9668141592920354 0.10862773371785628 0.8966758907025683 0.19531102839279543 0.10959087871696598 115 4161 0.027637587118481133 0.45454545454545453
2 10 4 2168 0.966131907308378 0.5392934390771449 0.9586197716122706 0.69220117775414 0.5416628194118798 115 4161 0.027637587118481133 0.45454545454545453
12 10 4 115 0.45454545454545453 0.06080269166065849 0.42715768709984786 0.1072579277598779 0.061328681700949884 115 4161 0.027637587118481133 0.45454545454545453
1 10 512 1280 0.9719058466211086 0.3165104542177361 0.9523802491825198 0.47751392274475324 0.3186378839508681 182 4161 0.04373948570055275 0.35477582846003897
2 10 512 2309 0.9405295315682282 0.5900024032684451 0.9350294167622206 0.7251265672276427 0.5921875827874463 182 4161 0.04373948570055275 0.35477582846003897
12 10 512 182 0.35477582846003897 0.1232876712328767 0.34830079202334385 0.1829860917164721 0.12408932679376278 182 4161 0.04373948570055275 0.35477582846003897
1 10 8 3163 0.9832141746969226 0.7731314587839462 0.9805760405102962 0.865608448234589 0.7747705152040558 131 4161 0.03148281663061764 0.27637130801687765
2 10 8 549 0.7922077922077922 0.1665465032444124 0.7637984508188935 0.27523097056468154 0.16785907674329156 131 4161 0.03148281663061764 0.27637130801687765
12 10 8 131 0.27637130801687765 0.11391492429704397 0.2725232785683343 0.16133193550775754 0.11458178949685474 131 4161 0.03148281663061764 0.27637130801687765
1 10 64 52 0.9811320754716981 0.012737322758952174 0.5597660837529561 0.02514816521505057 0.012863026073602835 187 4161 0.04494111992309541 0.47103274559193953
2 10 64 3073 0.9758653540806606 0.756789233357366 0.9730763724687569 0.8524773472209828 0.7584751073102103 187 4161 0.04494111992309541 0.47103274559193953
12 10 64 187 0.47103274559193953 0.09540975726988704 0.45336089403674595 0.15867848791727407 0.0961690601754618 187 4161 0.04494111992309541 0.47103274559193953
1 10 256 0 0 0.0 0 0 0 79 4161 0.018985820716173996 0.42702702702702705
2 10 256 2411 0.9753236245954693 0.5940879596250901 0.9691659103963312 0.7384016123442084 0.5963960785611269 79 4161 0.018985820716173996 0.42702702702702705
12 10 256 79 0.42702702702702705 0.044460466234078344 0.39350275203873725 0.08053584023981661 0.04485836603367914 79 4161 0.018985820716173996 0.42702702702702705
1 10 32 1980 0.9797130133597229 0.48570055275174234 0.9699452494904518 0.6494373508354674 0.48813757724548756 120 4161 0.02883922134102379 0.3448275862068966
2 10 32 1524 0.9309712889431888 0.3934150444604662 0.9185447017847853 0.5530985963736484 0.39567712044070286 120 4161 0.02883922134102379 0.3448275862068966
12 10 32 120 0.3448275862068966 0.083633741888969 0.33448482599137813 0.13461761633979344 0.0842657030820706 120 4161 0.02883922134102379 0.3448275862068966
1 10 2 571 0.9727427597955707 0.14107185772650804 0.9190951681123832 0.24640838081235067 0.14227624042160386 35 4161 0.008411439557798606 0.2517985611510791
2 10 2 1108 0.9405772495755518 0.2831050228310502 0.9194360326159264 0.43521451559767876 0.28507801469260136 35 4161 0.008411439557798606 0.2517985611510791
12 10 2 35 0.2517985611510791 0.03340543138668589 0.23649069780313656 0.058985426416741434 0.0336947837458884 35 4161 0.008411439557798606 0.2517985611510791
1 10 128 55 0.9821428571428571 0.013458303292477769 0.5734669235236102 0.026552754201671615 0.013591023947429632 120 4161 0.02883922134102379 0.410958904109589
2 10 128 2778 0.9699720670391061 0.6882960826724345 0.966057747848605 0.8052111163816734 0.6902807832788904 120 4161 0.02883922134102379 0.410958904109589
12 10 128 120 0.410958904109589 0.07017543859649122 0.3921061145260434 0.11988011988011989 0.07075636924082852 120 4161 0.02883922134102379 0.410958904109589
1 10 1024 0 0 0.0 0 0 0 206 4161 0.04950732996875751 0.40711462450592883
2 10 1024 3400 0.9781357882623706 0.8353761115116558 0.9764835713204707 0.901136928222885 0.8365850247101781 206 4161 0.04950732996875751 0.40711462450592883
12 10 1024 206 0.40711462450592883 0.12160538332131698 0.3978658818871684 0.1872723908149644 0.12245566135717881 206 4161 0.04950732996875751 0.40711462450592883
1 10 16 269 0.9781818181818182 0.06608988223984619 0.8605896536079058 0.12381436966393122 0.06670571201097435 170 4161 0.04085556356645037 0.33073929961089493
2 10 16 3051 0.962764278952351 0.7615957702475367 0.9602529722290706 0.8504455933501313 0.7631746264479138 170 4161 0.04085556356645037 0.33073929961089493
12 10 16 170 0.33073929961089493 0.12352799807738524 0.32533600324695316 0.1798745530411727 0.12429903293460014 170 4161 0.04085556356645037 0.33073929961089493
