1 8 4 994 0.9735553379040157 0.24537370824321075 0.945766260078623 0.39195863647116186 0.24720439436410507 115 4161 0.027637587118481133 0.3709677419354839
2 8 4 2230 0.9616213885295386 0.5573179524152848 0.9547636816786638 0.7056619692537064 0.559647634266405 115 4161 0.027637587118481133 0.3709677419354839
12 8 4 115 0.3709677419354839 0.07450132179764479 0.3569058478874245 0.12408308171558347 0.07509552094369687 115 4161 0.027637587118481133 0.3709677419354839
1 8 512 917 0.9776119402985075 0.22542658014900263 0.9463476142171925 0.36637183709187615 0.2271570467404726 110 4161 0.026435952895938475 0.31976744186046513
2 8 512 2351 0.9635245901639344 0.5863975006008171 0.9574280925043127 0.7290797580164502 0.588678798221549 110 4161 0.026435952895938475 0.31976744186046513
12 8 512 110 0.31976744186046513 0.08267243451093487 0.31093837841531946 0.13137839686413932 0.0832838374475499 110 4161 0.026435952895938475 0.31976744186046513
1 8 8 863 0.9762443438914027 0.21244893054554193 0.9426884129415652 0.3489580891405382 0.2141074821389191 123 4161 0.029560201874549386 0.3494318181818182
2 8 8 2519 0.9651340996168583 0.6272530641672674 0.9600140139920373 0.7603468994039954 0.6294348169802307 123 4161 0.029560201874549386 0.3494318181818182
12 8 8 123 0.3494318181818182 0.08459504926700312 0.33892630584094824 0.1362136959322455 0.08523465250528006 123 4161 0.029560201874549386 0.3494318181818182
1 8 64 1123 0.9833625218914186 0.2744532564287431 0.9588409963452076 0.4291360484339298 0.2764262922724642 139 4161 0.03340543138668589 0.3082039911308204
2 8 64 2441 0.9498054474708171 0.6176399903869262 0.9447747757840192 0.7485272702660635 0.6197860423259204 139 4161 0.03340543138668589 0.3082039911308204
12 8 64 139 0.3082039911308204 0.10838740687334775 0.30267922443118356 0.1603750415717977 0.10908764777688218 139 4161 0.03340543138668589 0.3082039911308204
1 8 256 628 0.9827856025039123 0.15356885364095169 0.9329105295111028 0.26563060061977295 0.15486255587722228 121 4161 0.029079548185532322 0.3324175824175824
2 8 256 2565 0.9642857142857143 0.639269406392694 0.9594559614790169 0.768839621682091 0.6414098988609253 121 4161 0.029079548185532322 0.3324175824175824
12 8 256 121 0.3324175824175824 0.0874789714011055 0.3234507235142438 0.13850815359674956 0.0881218597339857 121 4161 0.029079548185532322 0.3324175824175824
1 8 32 1216 0.9759229534510433 0.29944724825763036 0.9545719076105991 0.45827861201531933 0.30151656261517296 110 4161 0.026435952895938475 0.3323262839879154
2 8 32 2073 0.9575057736720555 0.520307618360971 0.9496055388307874 0.6742360725000823 0.5226705085637131 110 4161 0.026435952895938475 0.3323262839879154
12 8 32 110 0.3323262839879154 0.07954818553232396 0.32218952304270004 0.12836898061067814 0.08015180982638813 110 4161 0.026435952895938475 0.3323262839879154
1 8 2 0 0 0.0 0 0 0 266 4161 0.0639269406392694 0.36092265943012214
2 8 2 3757 0.980427974947808 0.920932468156693 0.9798012557452738 0.9497493840192702 0.9214861189127215 266 4161 0.0639269406392694 0.36092265943012214
12 8 2 266 0.36092265943012214 0.17712088440278778 0.3572520909186077 0.23762738674965683 0.1780184769952006 266 4161 0.0639269406392694 0.36092265943012214
1 8 128 889 0.980154355016538 0.21797644796923815 0.9473569811391692 0.35663979965402987 0.21966769364218697 82 4161 0.01970680124969959 0.2706270627062706
2 8 128 2404 0.9666264575794129 0.5976928622927181 0.9607547918956728 0.7386544765626694 0.5999600657560318 82 4161 0.01970680124969959 0.2706270627062706
12 8 128 82 0.2706270627062706 0.07281903388608507 0.26353907992163916 0.11475920935033983 0.07334985794023378 82 4161 0.01970680124969959 0.2706270627062706
1 8 1024 1488 0.9815303430079155 0.3643354962749339 0.9653391316007995 0.5314145499364887 0.36661799723132354 117 4161 0.028118240807498196 0.2805755395683453
2 8 1024 2088 0.9452240832956089 0.5308819995193463 0.93797586382218 0.6799002553757785 0.5331961409147533 117 4161 0.028118240807498196 0.2805755395683453
12 8 1024 117 0.2805755395683453 0.10021629416005767 0.27566354327097115 0.14768300324188846 0.10085821058423494 117 4161 0.028118240807498196 0.2805755395683453
1 8 16 2515 0.9789801479174777 0.6173996635424177 0.9733362374913773 0.7572408641101653 0.6196657015084659 79 4161 0.018985820716173996 0.2598684210526316
2 8 16 955 0.89924670433145 0.25522710886806055 0.8773280975534428 0.39760475098101594 0.25704981286179623 79 4161 0.018985820716173996 0.2598684210526316
12 8 16 79 0.2598684210526316 0.0730593607305936 0.253451948675901 0.11405368824723663 0.07358308299192376 79 4161 0.018985820716173996 0.2598684210526316
1 3 4 114 0.9743589743589743 0.028118240807498196 0.7308477290704375 0.05465911815147436 0.02839123001918962 282 4161 0.06777217015140591 0.4208955223880597
2 3 4 3633 0.9810964083175804 0.8899303052150925 0.9801023143556137 0.9332923146254679 0.89074981864356 282 4161 0.06777217015140591 0.4208955223880597
12 3 4 282 0.4208955223880597 0.16101898582071617 0.4142755239832265 0.2329282710617382 0.1620093879654399 282 4161 0.06777217015140591 0.4208955223880597
1 3 512 1208 0.9726247987117552 0.29848594087959623 0.9513510076487312 0.45678919880676844 0.30054845604217845 135 4161 0.032444124008651765 0.37815126050420167
2 3 512 2032 0.9522024367385192 0.5128574861812064 0.9441939807397359 0.6666541626066906 0.5152111271285791 135 4161 0.032444124008651765 0.37815126050420167
12 3 512 135 0.37815126050420167 0.08579668348954578 0.3658096130238787 0.1398610530714584 0.08645848935867848 135 4161 0.032444124008651765 0.37815126050420167
1 3 8 2308 0.9771380186282811 0.5676520067291516 0.9702085391615669 0.7181226548861883 0.5700171076432119 131 4161 0.03148281663061764 0.30679156908665106
2 3 8 1355 0.8973509933774835 0.3628935352078827 0.8844540201911717 0.5167931570781693 0.36504620421003087 131 4161 0.03148281663061764 0.30679156908665106
12 3 8 131 0.30679156908665106 0.10261956260514299 0.30086482627454664 0.15379560638970607 0.10330022643950297 131 4161 0.03148281663061764 0.30679156908665106
1 3 64 1864 0.9769392033542977 0.4585436193222783 0.9661250479367401 0.6241373718824824 0.4609654330777873 214 4161 0.05142994472482576 0.35845896147403683
2 3 64 1857 0.9102941176470588 0.49026676279740444 0.9026374971647219 0.6372974662989523 0.4925168302677202 214 4161 0.05142994472482576 0.35845896147403683
12 3 64 214 0.35845896147403683 0.14347512617159336 0.3532187172695543 0.2049270850125475 0.1443321801240062 214 4161 0.05142994472482576 0.35845896147403683
1 3 256 2014 0.9738878143133463 0.4969959144436433 0.964722483319258 0.6581325979439795 0.4994172399139338 141 4161 0.033886085075702954 0.34057971014492755
2 3 256 1521 0.9246200607902736 0.39533765921653446 0.9125240486920476 0.5538618774783047 0.39759106489538426 141 4161 0.033886085075702954 0.34057971014492755
12 3 256 141 0.34057971014492755 0.09949531362653208 0.33260035469328875 0.15400140087614117 0.10019755446054598 141 4161 0.033886085075702954 0.34057971014492755
1 3 32 2765 0.974277660324172 0.6820475847152127 0.9701620604219411 0.8023831394905644 0.6840791329355371 181 4161 0.04349915885604422 0.3036912751677852
2 3 32 1147 0.8402930402930403 0.3280461427541456 0.8274994992416528 0.4718747683054516 0.33003815196890485 181 4161 0.04349915885604422 0.3036912751677852
12 3 32 181 0.3036912751677852 0.14323479932708483 0.3003598564632067 0.19465930201189688 0.14398803340577307 181 4161 0.04349915885604422 0.3036912751677852
1 3 2 2483 0.9760220125786163 0.6113914924297044 0.9702925360766653 0.7518287491343423 0.6136613615145882 186 4161 0.044700793078586876 0.3412844036697248
2 3 2 1364 0.8828478964401294 0.3713049747656813 0.8709674742381993 0.522752566191499 0.37344739297664165 186 4161 0.044700793078586876 0.3412844036697248
12 3 2 186 0.3412844036697248 0.13097813025714972 0.3359436989470491 0.18930484578947515 0.13178215798678428 186 4161 0.044700793078586876 0.3412844036697248
1 3 128 1806 0.9793926247288504 0.44316270127373225 0.9677981452515303 0.6102121629280238 0.4455781438790706 211 4161 0.050708964191300165 0.3929236499068901
2 3 128 1850 0.9263895843765648 0.4799327084835376 0.9179350490007657 0.63229412574634 0.4822337373621157 211 4161 0.050708964191300165 0.3929236499068901
12 3 128 211 0.3929236499068901 0.12905551550108146 0.3851272650653607 0.19429497402129742 0.12991935139722083 211 4161 0.050708964191300165 0.3929236499068901
1 3 1024 1381 0.9759717314487633 0.3400624849795722 0.9582304490415615 0.504381068703551 0.34227052033185734 130 4161 0.031242489786109107 0.38011695906432746
2 3 1024 1963 0.9506053268765133 0.49627493391011773 0.9420662773142765 0.6521086900636311 0.49863450191322334 130 4161 0.031242489786109107 0.38011695906432746
12 3 1024 130 0.38011695906432746 0.0821917808219178 0.3669476920210536 0.13515855137757754 0.08283458738323457 130 4161 0.031242489786109107 0.38011695906432746
1 3 16 974 0.9710867397806581 0.24104782504205718 0.9428152927281682 0.38622501716308316 0.24285547574032745 208 4161 0.04998798365777457 0.3747747747747748
2 3 16 2640 0.9516943042537851 0.6666666666666666 0.9476826841057719 0.7840807840807842 0.6686494104430079 208 4161 0.04998798365777457 0.3747747747747748
12 3 16 208 0.3747747747747748 0.13338139870223503 0.3681774794154905 0.19674260106193966 0.13423746493151228 208 4161 0.04998798365777457 0.3747747747747748
1 5 4 1601 0.9750304506699148 0.39461667868300887 0.9610352155196226 0.5618429299230332 0.39695627444943654 254 4161 0.061043018505167024 0.37910447761194027
2 5 4 2279 0.9222986645082962 0.5938476327805816 0.9172755388881602 0.72249608050929 0.5959489262873267 254 4161 0.061043018505167024 0.37910447761194027
12 5 4 254 0.37910447761194027 0.16101898582071617 0.3740879633778944 0.22603357431361792 0.1619413538750856 254 4161 0.061043018505167024 0.37910447761194027
1 5 512 527 0.9705340699815838 0.13049747656813265 0.9123837310778445 0.23006106855500028 0.13162546845380393 206 4161 0.04950732996875751 0.39615384615384613
2 5 512 3008 0.9634849455477258 0.7503004085556356 0.9607820825097217 0.8436332432772832 0.7519477250363739 206 4161 0.04950732996875751 0.39615384615384613
12 5 512 206 0.39615384615384613 0.12496995914443643 0.38782147261840144 0.19000218169047312 0.12582274064684196 206 4161 0.04950732996875751 0.39615384615384613
1 5 8 2162 0.976513098464318 0.5320836337418889 0.9685036459768889 0.6888343673760843 0.5344921229593576 98 4161 0.023552030761836096 0.31511254019292606
2 5 8 1033 0.909330985915493 0.2730112953616919 0.8888199697583569 0.4199420663687021 0.27491601932369014 98 4161 0.023552030761836096 0.31511254019292606
12 5 8 98 0.31511254019292606 0.07474164864215332 0.3053884183915718 0.12082481828507093 0.07531043605379498 98 4161 0.023552030761836096 0.31511254019292606
1 5 64 1975 0.9729064039408867 0.4878634943523191 0.9634227140229732 0.6498566522474699 0.4902836042882686 205 4161 0.049267003124248976 0.351027397260274
2 5 64 1809 0.904047976011994 0.4808940158615717 0.8962397591047517 0.6278259512195121 0.48313300643977913 205 4161 0.049267003124248976 0.351027397260274
12 5 64 205 0.351027397260274 0.14035087719298245 0.3458867995447759 0.20052576878400682 0.14118986815232548 205 4161 0.049267003124248976 0.351027397260274
1 5 256 872 0.9721293199554069 0.21557317952415284 0.9394844708646138 0.35289141599562013 0.2172471579187534 220 4161 0.05287190579187695 0.38528896672504376
2 5 256 2781 0.9583046175051688 0.6974285027637587 0.9547686245538692 0.8073148340110171 0.6993133718687761 220 4161 0.05287190579187695 0.38528896672504376
12 5 256 220 0.38528896672504376 0.13722662821437154 0.3785143701341785 0.20237446041397997 0.1381070050247398 220 4161 0.05287190579187695 0.38528896672504376
1 5 32 245 0.9722222222222222 0.06056236481614996 0.8461154881819087 0.11402198995520565 0.06112990898243632 213 4161 0.05118961788031723 0.399624765478424
2 5 32 3318 0.9738773114176695 0.8187935592405672 0.9720544187951746 0.8896272964891935 0.8200865647492346 213 4161 0.05118961788031723 0.399624765478424
12 5 32 213 0.399624765478424 0.12809420812304734 0.39140991493041194 0.19400332540999435 0.12896178099791022 213 4161 0.05118961788031723 0.399624765478424
1 5 2 1123 0.9731369150779896 0.27733717856284545 0.9495499211527653 0.4316555580888327 0.27931452359514397 157 4161 0.03773131458783946 0.36941176470588233
2 5 2 1982 0.9331450094161958 0.5104542177361211 0.9255566546924325 0.6599169587469603 0.5127538649573199 157 4161 0.03773131458783946 0.36941176470588233
12 5 2 157 0.36941176470588233 0.10213890891612593 0.3600825656343309 0.1600307949855019 0.10287585585496195 157 4161 0.03773131458783946 0.36941176470588233
1 5 128 1038 0.9774011299435028 0.25522710886806055 0.9507652536963066 0.40475993774144187 0.2571079981767212 139 4161 0.03340543138668589 0.38186813186813184
2 5 128 2158 0.9557130203720107 0.5426580149002643 0.9485643202619324 0.6922522102213083 0.544990117429308 139 4161 0.03340543138668589 0.38186813186813184
12 5 128 139 0.38186813186813184 0.0874789714011055 0.36955479900569704 0.14234851415509056 0.0881518214917835 139 4161 0.03340543138668589 0.38186813186813184
1 5 1024 295 0.9735973597359736 0.07281903388608507 0.867365717769166 0.1355032653580979 0.07349225658284053 194 4161 0.04662340783465513 0.4041666666666667
2 5 1024 3142 0.9745657568238213 0.7748137466955058 0.9720844728334718 0.8632854608467908 0.7763893184580252 194 4161 0.04662340783465513 0.4041666666666667
12 5 1024 194 0.4041666666666667 0.11535688536409516 0.39439039345191984 0.17948525202528057 0.11617885757061436 194 4161 0.04662340783465513 0.4041666666666667
1 5 16 2403 0.9804161566707467 0.589041095890411 0.9740086510901499 0.7359300884577582 0.5913784624078039 152 4161 0.0365296803652968 0.3543123543123543
2 5 16 1083 0.8790584415584416 0.2960826724345109 0.8622491688669901 0.4429663289004807 0.298039648091322 152 4161 0.0365296803652968 0.3543123543123543
12 5 16 152 0.3543123543123543 0.10310021629416005 0.345966069941584 0.1597231152473996 0.103829089517577 152 4161 0.0365296803652968 0.3543123543123543
1 7 4 229 0.9744680851063829 0.056476808459504924 0.8393830529194553 0.10676583731279028 0.057008536363123856 224 4161 0.053833213169911076 0.3822525597269625
2 7 4 3372 0.9714779602420052 0.8341744772891132 0.969897334508665 0.8976058767885694 0.8353434174577584 224 4161 0.053833213169911076 0.3822525597269625
12 7 4 224 0.3822525597269625 0.1408315308819995 0.3758729386852857 0.2058300534709046 0.14171772218509165 224 4161 0.053833213169911076 0.3822525597269625
1 7 512 767 0.9684343434343434 0.19033886085075702 0.9307619948436757 0.3181480017943039 0.19186515219136357 120 4161 0.02883922134102379 0.3785488958990536
2 7 512 2231 0.9603960396039604 0.5582792597933189 0.953595497713329 0.7061011531712208 0.5606032595612169 120 4161 0.02883922134102379 0.3785488958990536
12 7 512 120 0.3785488958990536 0.07618360970920451 0.36423586159560567 0.12684037752017727 0.07679090280717396 120 4161 0.02883922134102379 0.3785488958990536
1 7 8 1307 0.9724702380952381 0.32299927901946646 0.9534878017962367 0.48493180522261387 0.32514931081084136 147 4161 0.035328046142754144 0.3567961165048544
2 7 8 2419 0.958019801980198 0.6068252823840423 0.9525615230580247 0.7430136601698526 0.6090358036374043 147 4161 0.035328046142754144 0.3567961165048544
12 7 8 147 0.3567961165048544 0.09901465993751501 0.3478301316604787 0.15501189514864774 0.0997280507490783 147 4161 0.035328046142754144 0.3567961165048544
1 7 64 510 0.9695817490494296 0.12641192021148762 0.9095174138989603 0.22366313626976309 0.12750979496806206 141 4161 0.033886085075702954 0.43788819875776397
2 7 64 2313 0.9681875261615739 0.574140831530882 0.9616528181067494 0.7208270386468205 0.5764637761411967 141 4161 0.033886085075702954 0.43788819875776397
12 7 64 141 0.43788819875776397 0.07738524393174717 0.41858144438832645 0.13152661196289026 0.07802121435638719 141 4161 0.033886085075702954 0.43788819875776397
1 7 256 695 0.9733893557422969 0.17159336697909156 0.9303478583618294 0.2917548948449462 0.1730043210046323 156 4161 0.03749098774333093 0.35214446952595935
2 7 256 2965 0.9702225130890052 0.7344388368180725 0.967148329407516 0.8360242273418573 0.7362102622691898 156 4161 0.03749098774333093 0.35214446952595935
12 7 256 156 0.35214446952595935 0.1064647921172795 0.34427850900384016 0.16349860711053804 0.10720532327830398 156 4161 0.03749098774333093 0.35214446952595935
1 7 32 2019 0.9692750840134422 0.5006008171112714 0.960372869328467 0.6602188643156157 0.5030089385749055 213 4161 0.05118961788031723 0.3408
2 7 32 1865 0.9071011673151751 0.49411199230954095 0.8996561033966604 0.6397450122841474 0.49634942040821195 213 4161 0.05118961788031723 0.3408
12 7 32 213 0.3408 0.15020427781783224 0.3365714954141418 0.20850986515970485 0.15104062377046484 213 4161 0.05118961788031723 0.3408
1 7 2 0 0 0.0 0 0 0 171 4161 0.0410958904109589 0.41605839416058393
2 7 2 3367 0.9773584905660377 0.8279259793318914 0.975615035754118 0.8964575931969071 0.8291811976731374 171 4161 0.0410958904109589 0.41605839416058393
12 7 2 171 0.41605839416058393 0.09877433309300648 0.40323391236728373 0.15964754467023756 0.09952579722888111 171 4161 0.0410958904109589 0.41605839416058393
1 7 128 801 0.9685610640870617 0.19875030040855562 0.9327894579055662 0.3298208315388273 0.2003267297159256 174 4161 0.0418168709444845 0.3405088062622309
2 7 128 2772 0.9585062240663901 0.6950252343186734 0.9549219992852653 0.8057736181545482 0.6969220151794631 174 4161 0.0418168709444845 0.3405088062622309
12 7 128 174 0.3405088062622309 0.12280701754385964 0.3346354095827735 0.18051130048165986 0.12358935358160776 174 4161 0.0418168709444845 0.3405088062622309
1 7 1024 617 0.9655712050078247 0.15356885364095169 0.9175363956910316 0.26499214627487433 0.15485824854740485 163 4161 0.03917327565489065 0.37995337995337997
2 7 1024 2598 0.9618659755646057 0.6491228070175439 0.9572994342416613 0.775137789640477 0.6512192309681359 163 4161 0.03917327565489065 0.37995337995337997
12 7 1024 163 0.37995337995337997 0.10310021629416005 0.3701131983635343 0.16219018328068247 0.10384942341116658 163 4161 0.03917327565489065 0.37995337995337997
1 7 16 835 0.9766081871345029 0.2054794520547945 0.9416206720731249 0.3395229059365682 0.20709850900205867 248 4161 0.059601057438115834 0.38390092879256965
2 7 16 2895 0.956392467789891 0.7274693583273252 0.9534219053656228 0.8263697223382116 0.7291974917972852 248 4161 0.059601057438115834 0.38390092879256965
12 7 16 248 0.38390092879256965 0.1552511415525114 0.3783833737946037 0.22109182442708059 0.1561720865171119 248 4161 0.059601057438115834 0.38390092879256965
1 4 4 1901 0.9798969072164948 0.4662340783465513 0.9693233426269969 0.6318394889144031 0.4686665080462932 167 4161 0.040134583032924775 0.3471933471933472
2 4 4 1676 0.9074174336762317 0.44388368180725785 0.8981313907952464 0.5961480927989662 0.44614012369485917 167 4161 0.040134583032924775 0.3471933471933472
12 4 4 167 0.3471933471933472 0.1155972122086037 0.34044024278138374 0.17344598854734367 0.11636574729904495 167 4161 0.040134583032924775 0.3471933471933472
1 4 512 573 0.9744897959183674 0.14131218457101657 0.9207403743853976 0.24683104047367083 0.14251863806400242 102 4161 0.024513338139870222 0.35172413793103446
2 4 512 2364 0.9566976932416026 0.5938476327805816 0.9509448027704761 0.7328165786364638 0.5960860449270465 102 4161 0.024513338139870222 0.35172413793103446
12 4 512 102 0.35172413793103446 0.06969478490747416 0.3381749253092053 0.11633714962184527 0.0702525260838587 102 4161 0.024513338139870222 0.35172413793103446
1 4 8 2996 0.9842312746386334 0.7315549146839702 0.9808769057979084 0.8392878210913051 0.7334191396354817 109 4161 0.026195626051429943 0.2698019801980198
2 4 8 789 0.8529729729729729 0.22230233117039172 0.829668367442553 0.352687129680326 0.22394171622928497 109 4161 0.026195626051429943 0.2698019801980198
12 4 8 109 0.2698019801980198 0.09709204518144676 0.265132428928053 0.14279668917659075 0.09771133761335815 109 4161 0.026195626051429943 0.2698019801980198
1 4 64 1493 0.9790163934426229 0.3664984378755107 0.9630800850640595 0.5333393144388181 0.36878286982825353 148 4161 0.035568372987262675 0.3288888888888889
2 4 64 2065 0.9339665309814563 0.5313626532083634 0.9270122691962671 0.6773562408565664 0.5336402342152038 148 4161 0.035568372987262675 0.3288888888888889
12 4 64 148 0.3288888888888889 0.10814708002883922 0.32237397912031096 0.16277091826260373 0.10887055658870312 148 4161 0.035568372987262675 0.3288888888888889
1 4 256 1460 0.9811827956989247 0.357606344628695 0.9645303127450388 0.5241709577903981 0.3598708065646589 174 4161 0.0418168709444845 0.359504132231405
2 4 256 2077 0.9305555555555556 0.5364095169430425 0.9238345613148837 0.6805327071544127 0.5386685109284063 174 4161 0.0418168709444845 0.359504132231405
12 4 256 174 0.359504132231405 0.11631819274212929 0.3522133314428959 0.17576674632410488 0.11710248751659927 174 4161 0.0418168709444845 0.359504132231405
1 4 32 858 0.9673055242390078 0.21316991107906752 0.9345703853797142 0.34935150096157663 0.2148281826796089 146 4161 0.03508771929824561 0.3443396226415094
2 4 32 2596 0.9629080118694362 0.6479211727950012 0.9582953856916768 0.7746178108563564 0.6500264887845264 146 4161 0.03508771929824561 0.3443396226415094
12 4 32 146 0.3443396226415094 0.1018985820716174 0.33641476136859266 0.1572600415099037 0.10261390804481495 146 4161 0.03508771929824561 0.3443396226415094
1 4 2 0 0 0.0 0 0 0 211 4161 0.050708964191300165 0.3885819521178637
2 4 2 3432 0.9755542922114838 0.8454698389810141 0.9740704208322624 0.9058657886242933 0.8465875369164718 211 4161 0.050708964191300165 0.3885819521178637
12 4 2 211 0.3885819521178637 0.13049747656813265 0.3811191965344779 0.19538036527344352 0.1313613006791347 211 4161 0.050708964191300165 0.3885819521178637
1 4 128 948 0.9793388429752066 0.23263638548425858 0.9491744490165128 0.3759645300402405 0.2344059313491247 153 4161 0.03677000720980533 0.3825
2 4 128 2284 0.9508742714404663 0.5772650805094929 0.9448198880789508 0.7183985048969025 0.5795195333767598 153 4161 0.03677000720980533 0.3825
12 4 128 153 0.3825 0.09613073780341264 0.37154152525934786 0.15364666038188224 0.09684864305042201 153 4161 0.03677000720980533 0.3825
1 4 1024 297 0.9769736842105263 0.0730593607305936 0.8703565010345585 0.13595205058148682 0.07373481448616136 147 4161 0.035328046142754144 0.3394919168591224
2 4 1024 3354 0.9784130688448075 0.8238404229752463 0.9765988720803284 0.8944981825698642 0.8251310833292693 147 4161 0.035328046142754144 0.3394919168591224
12 4 1024 147 0.3394919168591224 0.10406152367219418 0.3320538597862346 0.15929555681243712 0.10478096287769366 147 4161 0.035328046142754144 0.3394919168591224
1 4 16 470 0.9690721649484536 0.11655851958663782 0.9036343662044802 0.20808847525782842 0.11758267813350946 227 4161 0.05455419370343667 0.4127272727272727
2 4 16 3113 0.9697819314641745 0.7714491708723864 0.9673196608537062 0.859320128099173 0.7730144312670866 227 4161 0.05455419370343667 0.4127272727272727
12 4 16 227 0.4127272727272727 0.13217976447969237 0.40423250897023766 0.20023303051127983 0.1330753758025775 227 4161 0.05455419370343667 0.4127272727272727
1 6 4 2676 0.9773557341124909 0.6580149002643595 0.9726819546911322 0.7865062786209147 0.6601505173359682 103 4161 0.024753664984378754 0.27320954907161804
2 6 4 921 0.8864292589027911 0.24969959144436432 0.8646003863455665 0.389640706201105 0.2514881665591534 103 4161 0.024753664984378754 0.27320954907161804
12 6 4 103 0.27320954907161804 0.09060322037971641 0.26786432767773594 0.13607914324563 0.0912067877276294 103 4161 0.024753664984378754 0.27320954907161804
1 6 512 425 0.9725400457665904 0.1050228310502283 0.899014273681335 0.18957391928320697 0.10595863655589326 140 4161 0.03364575823119442 0.36082474226804123
2 6 512 2885 0.9668230563002681 0.7171353040134583 0.9635016102106126 0.8234680414282237 0.7189737119183446 140 4161 0.03364575823119442 0.36082474226804123
12 6 512 140 0.36082474226804123 0.09324681566931026 0.3508563695966091 0.14819584113143924 0.09393652658258918 140 4161 0.03364575823119442 0.36082474226804123
1 6 8 2844 0.9743062692702981 0.7015140591204038 0.970569460844681 0.8157074290161191 0.7034641599611232 88 4161 0.02114876231675078 0.23157894736842105
2 6 8 754 0.8577929465301479 0.21124729632299927 0.8325637083310915 0.339007707092136 0.21283562240467607 88 4161 0.02114876231675078 0.23157894736842105
12 6 8 88 0.23157894736842105 0.091324200913242 0.22811033888039092 0.1309913664781185 0.09187512921232169 88 4161 0.02114876231675078 0.23157894736842105
1 6 64 1279 0.9696739954510993 0.31699110790675317 0.9503010794558752 0.4777902708703878 0.3191178074753653 173 4161 0.041576544099975965 0.34325396825396826
2 6 64 2186 0.9321961620469084 0.5635664503725066 0.9261978699668874 0.7024570312609735 0.5657816379171039 173 4161 0.041576544099975965 0.34325396825396826
12 6 64 173 0.34325396825396826 0.12112472963229992 0.3371325477185361 0.17906309780884286 0.12190580542041678 173 4161 0.041576544099975965 0.34325396825396826
1 6 256 996 0.9736070381231672 0.24585436193222782 0.9458851425444037 0.3925758324447565 0.24768744746660332 152 4161 0.0365296803652968 0.34782608695652173
2 6 256 2419 0.947884012539185 0.6133141071857726 0.9427918953960731 0.7447493428554177 0.61546497462056 152 4161 0.0365296803652968 0.34782608695652173
12 6 256 152 0.34782608695652173 0.1050228310502283 0.34004245041352554 0.16133274879438841 0.10575374582453664 152 4161 0.0365296803652968 0.34782608695652173
1 6 32 1647 0.9780285035629454 0.4047104061523672 0.9645005413481872 0.5725134515626601 0.40707303280001184 112 4161 0.026916606584955538 0.3154929577464789
2 6 32 1713 0.9234501347708894 0.4458062965633261 0.913756932122025 0.6013188986696526 0.4481010993369952 112 4161 0.026916606584955538 0.3154929577464789
12 6 32 112 0.3154929577464789 0.08531602980052871 0.30728470496915805 0.13431139231526695 0.0859367986522353 112 4161 0.026916606584955538 0.3154929577464789
1 6 2 602 0.9694041867954911 0.14924297043979812 0.9193801108777316 0.25866379663754085 0.15050369474440747 153 4161 0.03677000720980533 0.3269230769230769
2 6 2 2941 0.9626841243862521 0.7341985099735641 0.9597269856804292 0.8330584984343914 0.7359278840183625 153 4161 0.03677000720980533 0.3269230769230769
12 6 2 153 0.3269230769230769 0.11247296322999278 0.32086576207595063 0.1673661291849421 0.11320821703355688 153 4161 0.03677000720980533 0.3269230769230769
1 6 128 997 0.9660852713178295 0.2480173035328046 0.9391635136652324 0.3947044820401335 0.24985603608476198 151 4161 0.03628935352078827 0.3416289592760181
2 6 128 2511 0.9543899657924744 0.6322999279019467 0.9496006465368371 0.7606536210498392 0.6344197859151147 151 4161 0.03628935352078827 0.3416289592760181
12 6 128 151 0.3416289592760181 0.10622446527277096 0.3342940050070641 0.16205906455822988 0.1069541518305707 151 4161 0.03628935352078827 0.3416289592760181
1 6 1024 940 0.975103734439834 0.23167507810622445 0.9450771543522812 0.3743970833584678 0.2334372049966136 195 4161 0.04686373467916366 0.3644859813084112
2 6 1024 2572 0.9476787030213707 0.6522470559961547 0.9434477193106452 0.7726866582303366 0.6542664878241105 195 4161 0.04686373467916366 0.3644859813084112
12 6 1024 195 0.3644859813084112 0.1285748618120644 0.3579826930822442 0.19009311054827718 0.12940412873204385 195 4161 0.04686373467916366 0.3644859813084112
1 6 16 777 0.9700374531835206 0.1925018024513338 0.9327362374573208 0.3212518756300491 0.19404174888620063 126 4161 0.03028118240807498 0.328125
2 6 16 2523 0.9545970488081725 0.635183850036049 0.9498677670657775 0.7628027599725733 0.6372951600966357 126 4161 0.03028118240807498 0.328125
12 6 16 126 0.328125 0.09228550829127613 0.32002753655135346 0.14405530694820332 0.09294694908267748 126 4161 0.03028118240807498 0.328125
1 1 4 1219 0.9720893141945773 0.3013698630136986 0.9511308254444591 0.46009864893845165 0.30344281968047637 281 4161 0.06753184330689738 0.40843023255813954
2 1 4 2671 0.9512108262108262 0.6748377793799567 0.9473693842968927 0.789537286247437 0.6767846991696945 281 4161 0.06753184330689738 0.40843023255813954
12 1 4 281 0.40843023255813954 0.16534486902186973 0.4025703554914568 0.23539481975057608 0.16632498404309382 281 4161 0.06753184330689738 0.40843023255813954
1 1 512 147 0.9607843137254902 0.03677000720980533 0.7693613726631775 0.07082931806586928 0.03712349981269031 253 4161 0.06080269166065849 0.48098859315589354
2 1 512 3547 0.9817326321616385 0.8683008892093247 0.9804644698389617 0.9215393209092378 0.8692953493045354 253 4161 0.06080269166065849 0.48098859315589354
12 1 512 253 0.48098859315589354 0.12641192021148762 0.46799171861969713 0.2002062570661098 0.1273413648147111 253 4161 0.06080269166065849 0.48098859315589354
1 1 8 2433 0.9689366786140979 0.6034607065609229 0.9631612071615485 0.7437244785600732 0.6057228284466202 284 4161 0.06825282384042297 0.3817204301075269
2 1 8 1626 0.8732545649838883 0.4474885844748858 0.8651049624875576 0.5917448056891398 0.44965924669609386 284 4161 0.06825282384042297 0.3817204301075269
12 1 8 284 0.3817204301075269 0.1788031723143475 0.37747897226166066 0.24353238131461566 0.17974923356258063 284 4161 0.06825282384042297 0.3817204301075269
1 1 64 1550 0.9730069052102951 0.3828406633020908 0.9583793290495589 0.5494815459188118 0.385153639018379 311 4161 0.07474164864215332 0.4208389715832206
2 1 64 2369 0.926476339460305 0.6145157414083153 0.921842912947074 0.7389191699412125 0.6165712880458804 311 4161 0.07474164864215332 0.4208389715832206
12 1 64 311 0.4208389715832206 0.17760153809180484 0.41520870746093486 0.2497880655931555 0.17862372953418365 311 4161 0.07474164864215332 0.4208389715832206
1 1 256 476 0.9754098360655737 0.11727950012016342 0.9095194904942175 0.20938353509586352 0.11831004370793632 294 4161 0.07065609228550829 0.43555555555555553
2 1 256 3316 0.9698742322316467 0.8216774813746696 0.9681453854609575 0.8896464560167426 0.8229224568638107 294 4161 0.07065609228550829 0.43555555555555553
12 1 256 294 0.43555555555555553 0.16222062004325882 0.4284085221180411 0.23639648139114772 0.1632348656567637 294 4161 0.07065609228550829 0.43555555555555553
1 1 32 2084 0.9679516953088714 0.5174236962268686 0.959678375594794 0.674363055709381 0.5198192121082988 299 4161 0.07185772650805095 0.37752525252525254
2 1 32 1936 0.8946395563770795 0.5200672915164624 0.8883049912599538 0.6577656306128652 0.5222321511984579 299 4161 0.07185772650805095 0.37752525252525254
12 1 32 299 0.37752525252525254 0.19033886085075702 0.3738847346588717 0.2530807100341294 0.19127787390078996 299 4161 0.07185772650805095 0.37752525252525254
1 1 2 241 0.9757085020242915 0.0593607305936073 0.8463513596644904 0.11191284157885337 0.05991788470266957 287 4161 0.06897380437394857 0.43617021276595747
2 1 2 3480 0.9707112970711297 0.8615717375630858 0.9694953487750484 0.9128910796869881 0.8625319026410943 287 4161 0.06897380437394857 0.43617021276595747
12 1 2 287 0.43617021276595747 0.15813506368661379 0.42870725499429574 0.2321157395258396 0.1591394485862359 287 4161 0.06897380437394857 0.43617021276595747
1 1 128 1481 0.9692408376963351 0.36721941840903627 0.9537596640298889 0.532636949121625 0.369491707382627 300 4161 0.07209805335255948 0.4132231404958678
2 1 128 2429 0.9306513409961685 0.6272530641672674 0.9262156522855939 0.7494091465130468 0.6292842590654326 300 4161 0.07209805335255948 0.4132231404958678
12 1 128 300 0.4132231404958678 0.17447728911319393 0.40769962135744187 0.2453564765998864 0.17548111923095588 300 4161 0.07209805335255948 0.4132231404958678
1 1 1024 378 0.9792746113989638 0.0927661619802932 0.8946271406489548 0.16947778383068482 0.09360515193858414 255 4161 0.061283345349675555 0.529045643153527
2 1 1024 3170 0.9750845893571208 0.7813025714972363 0.9726959534552251 0.8675036052090772 0.7828429393498202 255 4161 0.061283345349675555 0.529045643153527
12 1 1024 255 0.529045643153527 0.11583753905311223 0.5109981268617412 0.19006029941726282 0.11674030493608745 255 4161 0.061283345349675555 0.529045643153527
1 1 16 1370 0.9764789736279401 0.3371785628454698 0.9584857362790938 0.5012688129671499 0.33937847330834214 250 4161 0.0600817111271329 0.4317789291882556
2 1 16 2346 0.9444444444444444 0.5969718817591925 0.9390328399535264 0.7315437985604033 0.5991544181483174 250 4161 0.0600817111271329 0.4317789291882556
12 1 16 250 0.4317789291882556 0.1391492429704398 0.4229719349561036 0.21047029751557805 0.1400892702039659 250 4161 0.0600817111271329 0.4317789291882556
1 2 4 1193 0.9738775510204082 0.2944003845229512 0.9521201568456268 0.452124755092968 0.29644823387777974 140 4161 0.03364575823119442 0.35443037974683544
2 2 4 2009 0.9431924882629108 0.5118961788031723 0.9353894284159183 0.6636250306191309 0.5142243056304134 140 4161 0.03364575823119442 0.35443037974683544
12 2 4 140 0.35443037974683544 0.09492910358086998 0.3450902809013756 0.14974985275500463 0.09562228401717002 140 4161 0.03364575823119442 0.35443037974683544
1 2 512 2052 0.9715909090909091 0.5075702956020187 0.9628754590053182 0.6667977545204538 0.5099817948490377 156 4161 0.03749098774333093 0.3236514522821577
2 2 512 1458 0.8955773955773956 0.39125210285988943 0.8842917023579243 0.5445889136345688 0.3934457720457063 156 4161 0.03749098774333093 0.3236514522821577
12 2 512 156 0.3236514522821577 0.11583753905311223 0.3180029274523443 0.17061172626611 0.11657866971599685 156 4161 0.03749098774333093 0.3236514522821577
1 2 8 2978 0.9825140217749917 0.7284306657053593 0.9791325318085712 0.8366060553370477 0.7303005628641032 191 4161 0.045902427301129534 0.31311475409836065
2 2 8 973 0.8121869782971619 0.28791155972122084 0.7978031410149389 0.4251219533988578 0.2897634948540453 191 4161 0.045902427301129534 0.31311475409836065
12 2 8 191 0.31311475409836065 0.14659937515020427 0.3096326035658015 0.19969987599102199 0.1473753619413079 191 4161 0.045902427301129534 0.31311475409836065
1 2 64 3675 0.9879032258064516 0.8940158615717375 0.9868770928940623 0.938617562776615 0.8948578874520182 117 4161 0.028118240807498196 0.2571428571428571
2 2 64 193 0.6126984126984127 0.07570295602018745 0.5724910920843109 0.13475592320940533 0.07636563077436812 117 4161 0.028118240807498196 0.2571428571428571
12 2 64 117 0.2571428571428571 0.10934871425138187 0.25374720313334953 0.15344549780792144 0.109974540160736 117 4161 0.028118240807498196 0.2571428571428571
1 2 256 3249 0.9842471978188427 0.7933189137226628 0.9819074360729261 0.8785292572112441 0.7948455213932983 102 4161 0.024513338139870222 0.2383177570093458
2 2 256 496 0.7436281859070465 0.16029800528719057 0.7177669996594831 0.26374302689193196 0.16155273896780276 102 4161 0.024513338139870222 0.2383177570093458
12 2 256 102 0.2383177570093458 0.10285988944965152 0.23525038011885296 0.14369838349193392 0.10344202412346597 102 4161 0.024513338139870222 0.2383177570093458
1 2 32 3335 0.982037691401649 0.8161499639509733 0.9800653687547253 0.8914420294791553 0.8175172571582765 126 4161 0.03028118240807498 0.24277456647398843
2 2 32 517 0.7693452380952381 0.16149963950973323 0.7417056275447644 0.26695957962533723 0.16277294571487147 126 4161 0.03028118240807498 0.24277456647398843
12 2 32 126 0.24277456647398843 0.1247296322999279 0.24052079967120638 0.16479366771373166 0.1253330086148874 126 4161 0.03028118240807498 0.24277456647398843
1 2 2 0 0 0.0 0 0 0 276 4161 0.06633020908435472 0.423963133640553
2 2 2 3671 0.9805021367521367 0.8997837058399423 0.9796320226927017 0.9384103482634348 0.9005177041301704 276 4161 0.06633020908435472 0.423963133640553
12 2 2 276 0.423963133640553 0.15645277577505406 0.4169052687643802 0.22856096122912767 0.15743632495019125 276 4161 0.06633020908435472 0.423963133640553
1 2 128 1513 0.9729903536977492 0.3737082432107666 0.9577833191970564 0.5400087541133889 0.37600117219395485 193 4161 0.0463830809901466 0.3814229249011858
2 2 128 2131 0.939594356261023 0.5450612833453496 0.9329085195421625 0.6899061196217378 0.5473367803860001 193 4161 0.0463830809901466 0.3814229249011858
12 2 128 193 0.3814229249011858 0.12160538332131698 0.37352142013497874 0.18441539067272583 0.12243110190968258 193 4161 0.0463830809901466 0.3814229249011858
1 2 1024 1493 0.9657179818887451 0.37154530161018984 0.9506655289366835 0.5366302706112149 0.3738225293161262 148 4161 0.035568372987262675 0.36633663366336633
2 2 1024 1867 0.9415027735753908 0.47656813266041814 0.9324955220978729 0.6328177480045083 0.478909677836971 148 4161 0.035568372987262675 0.36633663366336633
12 2 1024 148 0.36633663366336633 0.09709204518144676 0.3565471687909168 0.15350095758391052 0.09780375141936282 148 4161 0.035568372987262675 0.36633663366336633
1 2 16 1910 0.968068930562595 0.4741648642153328 0.9581869924559013 0.6365462724189942 0.4765722388837539 175 4161 0.04205719778899303 0.3113879003558719
2 2 16 1932 0.9152060634770252 0.5073299687575102 0.907978499809924 0.6527939582115716 0.5095785008301997 175 4161 0.04205719778899303 0.3113879003558719
12 2 16 175 0.3113879003558719 0.13506368661379475 0.30741437350628975 0.18840653283129905 0.13582518529441234 175 4161 0.04205719778899303 0.3113879003558719
1 9 4 1021 0.9751671442215855 0.2516222062004326 0.9481722028261512 0.4000258205026017 0.25348436300772376 162 4161 0.03893294881038212 0.35526315789473684
2 9 4 2478 0.9549132947976878 0.6236481614996395 0.9499175457213247 0.7545223131052697 0.6257975964412084 162 4161 0.03893294881038212 0.35526315789473684
12 9 4 162 0.35526315789473684 0.1095890410958904 0.3475490274171194 0.16750678557580456 0.11034454852610921 162 4161 0.03893294881038212 0.35526315789473684
1 9 512 1630 0.978978978978979 0.4001441961067051 0.9651556048692536 0.5680895856522292 0.40250047273172185 230 4161 0.055275174236962266 0.368
2 9 512 2066 0.911738746690203 0.5445806296563326 0.9056929912222528 0.6818768860993015 0.5467606401886361 230 4161 0.055275174236962266 0.368
12 9 512 230 0.368 0.15020427781783224 0.36279161699300316 0.213333531207913 0.1510896274336617 230 4161 0.055275174236962266 0.368
1 9 8 0 0 0.0 0 0 0 202 4161 0.04854602259072338 0.4391304347826087
2 9 8 3484 0.984180790960452 0.8507570295602018 0.9826549568864265 0.9126180919091254 0.8519005022486295 202 4161 0.04854602259072338 0.4391304347826087
12 9 8 202 0.4391304347826087 0.11055034847392453 0.4265771512148666 0.176633508281359 0.11137546609576116 202 4161 0.04854602259072338 0.4391304347826087
1 9 64 1833 0.9823151125401929 0.44844989185291995 0.9708716317949045 0.6157812144293999 0.4508760359018352 241 4161 0.05791876952655611 0.3713405238828968
2 9 64 1992 0.9054545454545454 0.5287190579187695 0.8991114141166819 0.6676054741698957 0.5309061459171952 241 4161 0.05791876952655611 0.3713405238828968
12 9 64 241 0.3713405238828968 0.155972122086037 0.3663322418869733 0.21967525326509374 0.1568729385134756 241 4161 0.05791876952655611 0.3713405238828968
1 9 256 2267 0.976734166307626 0.5577986061043019 0.969524630979768 0.7100805747465525 0.5601775003383339 172 4161 0.04133621725546743 0.3227016885553471
2 9 256 1410 0.8757763975155279 0.38692621965873586 0.8649565648865589 0.5367231304475294 0.38907650539264754 172 4161 0.04133621725546743 0.3227016885553471
12 9 256 172 0.3227016885553471 0.12809420812304734 0.3179195093960458 0.18339216288367152 0.1288636348991624 172 4161 0.04133621725546743 0.3227016885553471
1 9 32 1368 0.9806451612903225 0.33525594808940157 0.962303614670915 0.49968363267455873 0.33745484111517776 198 4161 0.047584715212689255 0.38076923076923075
2 9 32 2255 0.9403669724770642 0.5763037731314588 0.9345218528233095 0.7146403211585667 0.5785213435834834 198 4161 0.047584715212689255 0.38076923076923075
12 9 32 198 0.38076923076923075 0.12496995914443643 0.37320576841457603 0.18817887227925628 0.12580675601452732 198 4161 0.047584715212689255 0.38076923076923075
1 9 2 994 0.9678675754625121 0.24681566931026194 0.940659070728669 0.393328687901952 0.2486497449082929 216 4161 0.05191059841384282 0.3769633507853403
2 9 2 2527 0.9496429913566329 0.6395097332372026 0.9451050394590744 0.7643141237142931 0.641584266035785 216 4161 0.05191059841384282 0.3769633507853403
12 9 2 216 0.3769633507853403 0.1377072819033886 0.37058840479791166 0.20172356888774798 0.13857811940498943 216 4161 0.05191059841384282 0.3769633507853403
1 9 128 1212 0.9821717990275527 0.296563326123528 0.9601933989653565 0.45556914769182777 0.29862726484394075 226 4161 0.05431386685892814 0.3876500857632933
2 9 128 2532 0.9405646359583952 0.646959865416967 0.9363573115459274 0.766611878769011 0.6489656060321728 226 4161 0.05431386685892814 0.3876500857632933
12 9 128 226 0.3876500857632933 0.14011055034847392 0.38098568633781976 0.20582765421491475 0.14100202430661926 226 4161 0.05431386685892814 0.3876500857632933
1 9 1024 1349 0.9754157628344179 0.3323720259552992 0.9570823225062387 0.49580048998934073 0.33455575056533277 175 4161 0.04205719778899303 0.3391472868217054
2 9 1024 2323 0.9408667476711219 0.5933669790915646 0.9354426569842916 0.7277629868968106 0.5955447864109761 175 4161 0.04205719778899303 0.3391472868217054
12 9 1024 175 0.3391472868217054 0.1240086517664023 0.333420158643551 0.1816113938523638 0.12479243677623793 175 4161 0.04205719778899303 0.3391472868217054
1 9 16 1575 0.9728227300802965 0.38908916125931264 0.9585839004718341 0.5558579560218408 0.3914145553118477 79 4161 0.018985820716173996 0.3172690763052209
2 9 16 1482 0.946360153256705 0.37635183850036047 0.9323785159208748 0.5385365609160644 0.3786096885426436 79 4161 0.018985820716173996 0.3172690763052209
12 9 16 79 0.3172690763052209 0.059841384282624366 0.30430786946306826 0.10069103194103193 0.060326014825878044 79 4161 0.018985820716173996 0.3172690763052209
1 10 4 1298 0.9708302169035153 0.32131699110790674 0.9517813079926996 0.4828308140713276 0.3234596023942473 164 4161 0.03941360249939918 0.3588621444201313
2 10 4 2202 0.9454701588664663 0.5597212208603701 0.9390624016983502 0.7031660142829496 0.5619914266637961 164 4161 0.03941360249939918 0.3588621444201313
12 10 4 164 0.3588621444201313 0.10982936794039894 0.35098257992746795 0.16818568913653023 0.11058920456526848 164 4161 0.03941360249939918 0.3588621444201313
1 10 512 1662 0.9730679156908665 0.41047825042057196 0.9600401593905842 0.577390513387477 0.41284150536958353 147 4161 0.035328046142754144 0.29108910891089107
2 10 512 1883 0.9149659863945578 0.494592645998558 0.9073305882242404 0.6420952457171092 0.4968527924302804 147 4161 0.035328046142754144 0.29108910891089107
12 10 512 147 0.29108910891089107 0.12136505647680845 0.28711369579584906 0.1713065310398619 0.12206975626295094 147 4161 0.035328046142754144 0.29108910891089107
1 10 8 1432 0.9754768392370572 0.3527998077385244 0.9587233057681429 0.5181872949732645 0.35504372246317983 124 4161 0.029800528719057917 0.3237597911227154
2 10 8 1736 0.9263607257203842 0.4503725066089882 0.91676755454022 0.6060831427173646 0.45267544133999477 124 4161 0.029800528719057917 0.3237597911227154
12 10 8 124 0.3237597911227154 0.0920451814467676 0.31588639845572536 0.14333897228262754 0.09270208046527718 124 4161 0.029800528719057917 0.3237597911227154
1 10 64 477 0.9734693877551021 0.11776015380918048 0.908132885207759 0.21010410819017689 0.11879405071865007 106 4161 0.02547464551790435 0.2710997442455243
2 10 64 2618 0.954429456799125 0.6592165344869022 0.9502162927374572 0.7798187239592765 0.6612415590555301 106 4161 0.02547464551790435 0.2710997442455243
12 10 64 106 0.2710997442455243 0.09396779620283585 0.2661327371076127 0.139561273985726 0.09457964498047321 106 4161 0.02547464551790435 0.2710997442455243
1 10 256 1439 0.9729546991210277 0.3554434030281182 0.9565019329108769 0.5206727240701053 0.35769110670072235 131 4161 0.03148281663061764 0.29175946547884185
2 10 256 2086 0.9350067234424025 0.536169190098534 0.928170745239527 0.6815252928362293 0.5384432392237994 131 4161 0.03148281663061764 0.29175946547884185
12 10 256 131 0.29175946547884185 0.10790675318433068 0.28691930443916214 0.15754554756177916 0.10858422377004455 131 4161 0.03148281663061764 0.29175946547884185
1 10 32 808 0.9723225030084236 0.19971160778658975 0.9364532567426294 0.3313625236234374 0.20129527048880327 144 4161 0.03460706560922855 0.3037974683544304
2 10 32 2603 0.9513888888888888 0.6575342465753424 0.9471977364550249 0.7776266777035415 0.6595512267976945 144 4161 0.03460706560922855 0.3037974683544304
12 10 32 144 0.3037974683544304 0.11391492429704397 0.2988650693568726 0.16569805549486563 0.11462426697297623 144 4161 0.03460706560922855 0.3037974683544304
1 10 2 861 0.9728813559322034 0.21268925739005046 0.9396297088676544 0.3490663665186541 0.21434754790359684 117 4161 0.028118240807498196 0.3811074918566775
2 10 2 2233 0.9563169164882227 0.5611631819274213 0.949695666212136 0.7072907833820704 0.5634684022832035 117 4161 0.028118240807498196 0.3811074918566775
12 10 2 117 0.3811074918566775 0.0737803412641192 0.3660124355599831 0.12362713952840026 0.074374160340362 117 4161 0.028118240807498196 0.3811074918566775
1 10 128 903 0.9741100323624595 0.22278298485940878 0.9426347890997289 0.3626308073797975 0.22449737993438085 148 4161 0.035568372987262675 0.31556503198294245
2 10 128 2319 0.9438339438339438 0.5904830569574622 0.938274806201556 0.72647041273455 0.5926799527511766 148 4161 0.035568372987262675 0.31556503198294245
12 10 128 148 0.31556503198294245 0.11271329007450132 0.31004043529591996 0.16609933846939837 0.11343525574852552 148 4161 0.035568372987262675 0.31556503198294245
1 10 1024 1965 0.978585657370518 0.48257630377313143 0.9687273116558492 0.646392750451348 0.4850103039843204 92 4161 0.022110069694784906 0.22942643391521197
2 10 1024 1475 0.9037990196078431 0.39221341023792355 0.8922758056902368 0.5470350244901118 0.3944238989508888 92 4161 0.022110069694784906 0.22942643391521197
12 10 1024 92 0.22942643391521197 0.09637106464792117 0.22633249816314394 0.13572891008861085 0.096927628715269 92 4161 0.022110069694784906 0.22942643391521197
1 10 16 1496 0.9707981829980532 0.3703436673876472 0.9554602636934652 0.536153516171859 0.37262559820152813 107 4161 0.02571497236241288 0.2715736040609137
2 10 16 1877 0.9305899851264254 0.4847392453737082 0.9221918814857925 0.6374396535046637 0.4870496229181262 107 4161 0.02571497236241288 0.2715736040609137
12 10 16 107 0.2715736040609137 0.09468877673636145 0.26664187670140077 0.14041831053703557 0.09530337301168075 107 4161 0.02571497236241288 0.2715736040609137
