1 8 4 2215 0.9774933804060018 0.5445806296563326 0.9698598438088463 0.6994718483690512 0.5469791086424068 68 4161 0.016342225426580148 0.26356589147286824
2 8 4 1121 0.9318370739817123 0.2891131939437635 0.9117683543612611 0.44130608718701375 0.2911011510055554 68 4161 0.016342225426580148 0.26356589147286824
12 8 4 68 0.26356589147286824 0.06200432588320115 0.2553473323430386 0.10039140287028771 0.06247739001551546 68 4161 0.016342225426580148 0.26356589147286824
1 8 512 735 0.9773936170212766 0.18072578707041576 0.9365191192196914 0.30504666460071767 0.18219615361412858 135 4161 0.032444124008651765 0.3068181818181818
2 8 512 2823 0.9654582763337893 0.7027156933429464 0.9618973893933582 0.8133955982769059 0.7046142650856286 135 4161 0.032444124008651765 0.3068181818181818
12 8 512 135 0.3068181818181818 0.1057438115837539 0.30114846924728195 0.15728120635214837 0.10643442717471716 135 4161 0.032444124008651765 0.3068181818181818
1 8 8 170 0.9826589595375722 0.041576544099975965 0.8027549340994035 0.07977767500023736 0.0419745500048476 70 4161 0.01682287911559721 0.3825136612021858
2 8 8 2308 0.9701555275325767 0.5717375630857967 0.963507756884365 0.7194718758396406 0.5740717862755584 70 4161 0.01682287911559721 0.3825136612021858
12 8 8 70 0.3825136612021858 0.04397981254506128 0.35542570814000446 0.07888926865768155 0.0443685975224901 70 4161 0.01682287911559721 0.3825136612021858
1 8 64 1679 0.9750290360046457 0.4138428262436914 0.9621116200298674 0.581059754895769 0.4162146665628578 106 4161 0.02547464551790435 0.3045977011494253
2 8 64 1624 0.929593589009731 0.4198509973564047 0.9185518359751367 0.5784465689441216 0.4221428986879078 106 4161 0.02547464551790435 0.3045977011494253
12 8 64 106 0.3045977011494253 0.083633741888969 0.29683289585455597 0.13123432413682692 0.08423878390793245 106 4161 0.02547464551790435 0.3045977011494253
1 8 256 364 0.9758713136729222 0.08964191300168228 0.8888652370467705 0.16420062972680594 0.09045524145394936 185 4161 0.044460466234078344 0.35992217898832685
2 8 256 3099 0.9687402313222883 0.7688055755827926 0.966252286663187 0.8572699357590232 0.7703797913251972 185 4161 0.044460466234078344 0.35992217898832685
12 8 256 185 0.35992217898832685 0.12352799807738524 0.35322939448612023 0.18392987878887523 0.12433654568452658 185 4161 0.044460466234078344 0.35992217898832685
1 8 32 278 0.9754385964912281 0.0684931506849315 0.8623782203275304 0.12799852663566463 0.06912954095010648 134 4161 0.03220379716414323 0.3198090692124105
2 8 32 3070 0.9730586370839936 0.7582311944244172 0.9703366305494224 0.852316462805503 0.7598922393624684 134 4161 0.03220379716414323 0.3198090692124105
12 8 32 134 0.3198090692124105 0.10069694784907474 0.3130643733568353 0.1531668792241538 0.10138469157747611 134 4161 0.03220379716414323 0.3198090692124105
1 8 2 549 0.9716814159292035 0.13578466714732035 0.9158589370696645 0.23827264717427388 0.13695113561540162 110 4161 0.026435952895938475 0.38461538461538464
2 8 2 2612 0.9749906681597611 0.6438356164383562 0.970050640057531 0.7755417907760533 0.6460080549089685 110 4161 0.026435952895938475 0.38461538461538464
12 8 2 110 0.38461538461538464 0.06873347752944003 0.36787610957578226 0.11662520898748113 0.06929697373307397 110 4161 0.026435952895938475 0.38461538461538464
1 8 128 1045 0.9766355140186916 0.2571497236241288 0.9503098097754641 0.4071074038642708 0.2590391665103101 122 4161 0.029319875030040854 0.3177083333333333
2 8 128 2334 0.9565573770491803 0.5863975006008171 0.9506160834400449 0.7270761617309615 0.5886528623081246 122 4161 0.029319875030040854 0.3177083333333333
12 8 128 122 0.3177083333333333 0.09228550829127613 0.31020605324428735 0.14302592894498228 0.09293840294646868 122 4161 0.029319875030040854 0.3177083333333333
1 8 1024 954 0.9804727646454265 0.23383801970680124 0.9504265169937816 0.3776163608452902 0.23561447076880787 96 4161 0.023071377072819033 0.3106796116504854
2 8 1024 2146 0.9563279857397504 0.5392934390771449 0.949061575504891 0.6896683876783185 0.5416319968663749 96 4161 0.023071377072819033 0.3106796116504854
12 8 1024 96 0.3106796116504854 0.07426099495313626 0.3011859395413305 0.11986980161111413 0.07482475310793932 96 4161 0.023071377072819033 0.3106796116504854
1 8 16 3628 0.9813362185555856 0.8884883441480413 0.9803219158850063 0.9326070576549085 0.8893214333846134 77 4161 0.018505167027156932 0.15308151093439365
2 8 16 241 0.7215568862275449 0.08026916606584955 0.668664736423811 0.14446716806194065 0.08098177003873709 77 4161 0.018505167027156932 0.15308151093439365
12 8 16 77 0.15308151093439365 0.12088440278779139 0.15267888272791186 0.1350910175338242 0.12113666276805701 77 4161 0.018505167027156932 0.15308151093439365
1 3 4 973 0.9778894472361809 0.23912521028598893 0.9488650262845676 0.384281353164461 0.2409273181274633 162 4161 0.03893294881038212 0.37155963302752293
2 3 4 2399 0.9489715189873418 0.6075462629175679 0.9437205635265768 0.7408127381241693 0.6097182151082314 162 4161 0.03893294881038212 0.37155963302752293
12 3 4 162 0.37155963302752293 0.10478250420571977 0.3624236563057664 0.16346632291032634 0.10553271934546989 162 4161 0.03893294881038212 0.37155963302752293
1 3 512 1063 0.9734432234432234 0.2624369142033165 0.9480134975512928 0.413417819302526 0.2643486086719525 201 4161 0.04830569574621485 0.40119760479041916
2 3 512 2578 0.9572966951355366 0.6472001922614756 0.9527768034010721 0.7722827136774516 0.6492825852349382 201 4161 0.04830569574621485 0.40119760479041916
12 3 512 201 0.40119760479041916 0.12040374909877433 0.39214297586706215 0.18522074525319074 0.12124392044493229 201 4161 0.04830569574621485 0.40119760479041916
1 3 8 3120 0.9817495280050346 0.7637587118481134 0.9789829953880868 0.8591420398332831 0.7654414948801316 130 4161 0.031242489786109107 0.26156941649899396
2 3 8 527 0.7289073305670816 0.17375630857966834 0.7065563793699551 0.2806189184173081 0.1750765257347148 130 4161 0.031242489786109107 0.26156941649899396
12 3 8 130 0.26156941649899396 0.1194424417207402 0.2585236490381244 0.16399746680897886 0.12008849685689232 130 4161 0.031242489786109107 0.26156941649899396
1 3 64 2060 0.9749171793658306 0.5078106224465273 0.966118385255411 0.667787167789584 0.510231059308886 241 4161 0.05791876952655611 0.36515151515151517
2 3 64 1865 0.9022738268021286 0.4967555875991348 0.8950396596816529 0.6407435903700849 0.4989759829100585 241 4161 0.05791876952655611 0.36515151515151517
12 3 64 241 0.36515151515151517 0.15861571737563085 0.36050382021543037 0.2211622489138981 0.1595089941290186 241 4161 0.05791876952655611 0.36515151515151517
1 3 256 1924 0.9781392984239959 0.47272290314828164 0.9678934282369419 0.6373987113777324 0.4751537714198059 158 4161 0.03797164143234799 0.38349514563106796
2 3 256 1688 0.9393433500278241 0.43186733958183127 0.9285403454375567 0.5916985866641464 0.4341898057730402 158 4161 0.03797164143234799 0.38349514563106796
12 3 256 158 0.38349514563106796 0.09901465993751501 0.3728877273033021 0.15739220631009862 0.09974726893762532 158 4161 0.03797164143234799 0.38349514563106796
1 3 32 2506 0.9709414955443626 0.6202835856765201 0.9655371765266908 0.7569753386193374 0.6225095346861896 180 4161 0.043258832011535686 0.32085561497326204
2 3 32 1323 0.8779031187790312 0.3621725546743571 0.8656977127925631 0.5127951819252238 0.3642914224195798 180 4161 0.043258832011535686 0.32085561497326204
12 3 32 180 0.32085561497326204 0.13482335976928622 0.3165312894539848 0.18986538510352063 0.1356017953399133 180 4161 0.043258832011535686 0.32085561497326204
1 3 2 776 0.9651741293532339 0.1932227829848594 0.9284485980779642 0.32198571897468925 0.19476510132830058 270 4161 0.06488824801730353 0.4090909090909091
2 3 2 3028 0.9615751032073674 0.756789233357366 0.9590057436918717 0.8469795021777906 0.7583883755083104 270 4161 0.06488824801730353 0.4090909090909091
12 3 2 270 0.4090909090909091 0.15861571737563085 0.4027932477043524 0.2285978179299197 0.15958312718451248 270 4161 0.06488824801730353 0.4090909090909091
1 3 128 1796 0.9766177270255574 0.4419610670511896 0.9650586462181203 0.608534421266657 0.44436971572202644 209 4161 0.0502283105022831 0.3634782608695652
2 3 128 2014 0.9234296194406235 0.5241528478731075 0.9165171169305629 0.6687263430847875 0.5264064126293247 209 4161 0.0502283105022831 0.3634782608695652
12 3 128 209 0.3634782608695652 0.13818793559240566 0.35770428215436634 0.20024594384282254 0.1390412051476866 209 4161 0.0502283105022831 0.3634782608695652
1 3 1024 1011 0.9749276759884281 0.24921893775534726 0.9476071982636045 0.3969629733403507 0.2510693233191244 136 4161 0.032684450853160296 0.3487179487179487
2 3 1024 2462 0.9598440545808967 0.6164383561643836 0.9545789340693484 0.7507343698649166 0.6186297287846518 136 4161 0.032684450853160296 0.3487179487179487
12 3 1024 136 0.3487179487179487 0.09372746935832732 0.33957120406980373 0.14774455567997594 0.09441098874372815 136 4161 0.032684450853160296 0.3487179487179487
1 3 16 3013 0.9801561483409239 0.7387647200192261 0.9769954223174198 0.8425108983579931 0.7405705282452949 187 4161 0.04494111992309541 0.2745961820851689
2 3 16 971 0.7737051792828685 0.30161018985820714 0.761897660441521 0.43402591037861177 0.30344339132752823 187 4161 0.04494111992309541 0.2745961820851689
12 3 16 187 0.2745961820851689 0.16366258111031 0.27276563043462915 0.20508942979447092 0.16431984118038195 187 4161 0.04494111992309541 0.2745961820851689
1 5 4 1259 0.975968992248062 0.31002162941600575 0.9556443535875562 0.4705656357660132 0.3121303474180548 161 4161 0.038692621965873586 0.40049751243781095
2 5 4 2174 0.9476896251089799 0.5513097813025715 0.9409910874900703 0.6970924174176797 0.5536023480330962 161 4161 0.038692621965873586 0.40049751243781095
12 5 4 161 0.40049751243781095 0.0966113914924297 0.38840150464153356 0.15567060521331288 0.09734268715840305 161 4161 0.038692621965873586 0.40049751243781095
1 5 512 559 0.9755671902268761 0.1377072819033886 0.9201370896170554 0.24134696239500164 0.13888830537581598 205 4161 0.049267003124248976 0.40594059405940597
2 5 512 3070 0.9712116418854793 0.7596731554914684 0.9685413458947256 0.8525159083484803 0.7613149488580493 205 4161 0.049267003124248976 0.40594059405940597
12 5 512 205 0.40594059405940597 0.12136505647680845 0.3967302087362773 0.18686317157477686 0.1222133228683945 205 4161 0.049267003124248976 0.40594059405940597
1 5 8 1936 0.9782718544719555 0.475606825282384 0.9681409594714929 0.6400434609126173 0.4780388103072923 276 4161 0.06633020908435472 0.35984354628422427
2 5 8 2019 0.8909973521624007 0.5445806296563326 0.8854208097473085 0.675992394990623 0.5466850780542671 276 4161 0.06633020908435472 0.35984354628422427
12 5 8 276 0.35984354628422427 0.18433068973804373 0.35648285545726804 0.24378298233744547 0.18522517638085254 276 4161 0.06633020908435472 0.35984354628422427
1 5 64 1582 0.9753390875462392 0.38981014179283824 0.9610462599733804 0.5570044063191031 0.3921409879242988 246 4161 0.05912040374909877 0.3936
2 5 64 2269 0.921608448415922 0.5916846911800048 0.9165483697088233 0.7206820620827797 0.5937893328258599 246 4161 0.05912040374909877 0.3936
12 5 64 246 0.3936 0.15020427781783224 0.38738484601123396 0.21743265421278418 0.1511295850730733 246 4161 0.05912040374909877 0.3936
1 5 256 229 0.9744680851063829 0.056476808459504924 0.8393830529194553 0.10676583731279028 0.057008536363123856 250 4161 0.0600817111271329 0.4078303425774878
2 5 256 3478 0.9766919404661611 0.855803893294881 0.975327865111048 0.9122604808166442 0.8568539462112496 250 4161 0.0600817111271329 0.4078303425774878
12 5 256 250 0.4078303425774878 0.14732035568372986 0.40081285128498617 0.21645189789120062 0.1482580075631435 250 4161 0.0600817111271329 0.4078303425774878
1 5 32 406 0.9689737470167065 0.10069694784907474 0.8927564549489215 0.18243502292583033 0.10159833508366084 219 4161 0.05263157894736842 0.45435684647302904
2 5 32 3133 0.9708707778122094 0.7755347272290315 0.9684556533436717 0.8622785506249866 0.7770827125813943 219 4161 0.05263157894736842 0.45435684647302904
12 5 32 219 0.45435684647302904 0.11583753905311223 0.4415800438533364 0.18460925005006193 0.11669839378663927 219 4161 0.05263157894736842 0.45435684647302904
1 5 2 324 0.972972972972973 0.08002883922134102 0.8761788151930392 0.1478931882529284 0.08076269878956804 236 4161 0.056717135304013455 0.41622574955908287
2 5 2 3240 0.9712230215827338 0.8017303532804614 0.9691943483926312 0.8783750179191546 0.8031180352758939 236 4161 0.056717135304013455 0.41622574955908287
12 5 2 236 0.41622574955908287 0.1362653208363374 0.4079277542026029 0.20531421535345634 0.13717887344911506 236 4161 0.056717135304013455 0.41622574955908287
1 5 128 1084 0.979223125564589 0.26604181687094447 0.9539048722548044 0.41840782723349634 0.2679741850457063 156 4161 0.03749098774333093 0.39097744360902253
2 5 128 2408 0.9593625498007968 0.6032203797164143 0.9537871311994515 0.7407057003436563 0.6054457099688386 156 4161 0.03749098774333093 0.39097744360902253
12 5 128 156 0.39097744360902253 0.0958904109589041 0.37941710700132103 0.15400888512798816 0.09661236535262568 156 4161 0.03749098774333093 0.39097744360902253
1 5 1024 824 0.9694117647058823 0.20427781783225185 0.9347469453213392 0.33744752074357937 0.20588674430402146 214 4161 0.05142994472482576 0.3905109489051095
2 5 1024 2821 0.9614860259032039 0.7051189617880317 0.9580372825802339 0.8135845426668923 0.7069853771945711 214 4161 0.05142994472482576 0.3905109489051095
12 5 1024 214 0.3905109489051095 0.1316991107906753 0.3830577253784776 0.19697033318272897 0.13256901529367318 214 4161 0.05142994472482576 0.3905109489051095
1 5 16 1012 0.9787234042553191 0.24849795722182166 0.9510528772732689 0.39636006066565554 0.2503473047701108 238 4161 0.05719778899303052 0.39600665557404324
2 5 16 2760 0.9553478712357217 0.6943042537851478 0.9518047196481676 0.8041720806259756 0.6961877143003122 238 4161 0.05719778899303052 0.39600665557404324
12 5 16 238 0.39600665557404324 0.14443643354962749 0.3892933245861041 0.21166998022225364 0.145350657034694 238 4161 0.05719778899303052 0.39600665557404324
1 7 4 191 0.955 0.04806536890170632 0.8046716085986529 0.09152429886277463 0.04852160155744003 157 4161 0.03773131458783946 0.4175531914893617
2 7 4 3072 0.9792795664647752 0.7539053112232637 0.9763896234234783 0.8519391968328667 0.7556271154603218 157 4161 0.03773131458783946 0.4175531914893617
12 7 4 157 0.4175531914893617 0.09036289353520788 0.4031019932083811 0.1485730249555466 0.09106943864611744 157 4161 0.03773131458783946 0.4175531914893617
1 7 512 1187 0.9729508196721312 0.29319875030040854 0.9511184116838447 0.4506070549592555 0.2952410288997295 185 4161 0.044460466234078344 0.3517110266159696
2 7 512 2550 0.9507829977628636 0.6445565969718817 0.9463315271837938 0.7682796258794673 0.6466185940149612 185 4161 0.044460466234078344 0.3517110266159696
12 7 512 185 0.3517110266159696 0.12641192021148762 0.34561229873984545 0.18597921948357368 0.12721878984522667 185 4161 0.044460466234078344 0.3517110266159696
1 7 8 630 0.9692307692307692 0.15621244893054553 0.9217334950100766 0.2690600637991018 0.15752069483614564 204 4161 0.049026676279740444 0.35978835978835977
2 7 8 2928 0.9647446457990115 0.7293919730833934 0.9616723437691986 0.8307204895732496 0.731157997152911 204 4161 0.049026676279740444 0.35978835978835977
12 7 8 204 0.35978835978835977 0.1362653208363374 0.3540383851696043 0.197666817905673 0.13710869209990875 204 4161 0.049026676279740444 0.35978835978835977
1 7 64 456 0.9722814498933902 0.11271329007450132 0.9040219949211326 0.20200842835262686 0.11370860444761244 162 4161 0.03893294881038212 0.3410526315789474
2 7 64 3135 0.9717916924984501 0.7752944003845229 0.9693591900795173 0.8624928795477672 0.7768496460016153 162 4161 0.03893294881038212 0.3410526315789474
12 7 64 162 0.3410526315789474 0.1141552511415525 0.3344704483645658 0.17105568812957994 0.11491217597112094 162 4161 0.03893294881038212 0.3410526315789474
1 7 256 662 0.9735294117647059 0.16342225426580148 0.9279834247794991 0.27986479252914687 0.16477986783154286 170 4161 0.04085556356645037 0.35789473684210527
2 7 256 2996 0.9711507293354943 0.74140831530882 0.9681803042950747 0.8408693742843807 0.7431489556217016 170 4161 0.04085556356645037 0.35789473684210527
12 7 256 170 0.35789473684210527 0.1141552511415525 0.3504854131114613 0.1730984624783627 0.11493021854814416 170 4161 0.04085556356645037 0.35789473684210527
1 7 32 1375 0.9696755994358252 0.3407834655130978 0.9522760054068359 0.5043261862011854 0.3429859081128151 190 4161 0.045662100456621 0.35185185185185186
2 7 32 2360 0.9424920127795527 0.6017784186493631 0.9372381173778099 0.734549262223884 0.6039400630366307 190 4161 0.045662100456621 0.35185185185185186
12 7 32 190 0.35185185185185186 0.12977649603460706 0.3459898452751682 0.18961550189892717 0.1305925853112642 190 4161 0.045662100456621 0.35185185185185186
1 7 2 563 0.9723661485319517 0.1391492429704398 0.9179444311405693 0.24345864122568414 0.14033990373408275 189 4161 0.04542177361211247 0.39957716701902746
2 7 2 3041 0.9693975135479758 0.7539053112232637 0.9666618168435079 0.8481781885867442 0.7555682719661008 189 4161 0.04542177361211247 0.39957716701902746
12 7 2 189 0.39957716701902746 0.11367459745253544 0.38986867883780224 0.17699607388151162 0.11448564639424363 189 4161 0.04542177361211247 0.39957716701902746
1 7 128 368 0.9509043927648578 0.09300648882480173 0.8713282677136164 0.16944028525588972 0.09384476559839487 170 4161 0.04085556356645037 0.34
2 7 128 3263 0.9751942618051405 0.8041336217255467 0.9731446204067101 0.8814412463152006 0.8055326314066299 170 4161 0.04085556356645037 0.34
12 7 128 170 0.34 0.1201634222542658 0.333950925357203 0.17756980059955918 0.12093763646864918 170 4161 0.04085556356645037 0.34
1 7 1024 496 0.96875 0.12304734438836817 0.9070273640637526 0.21835941530524505 0.12412016460242604 222 4161 0.05335255948089401 0.40437158469945356
2 7 1024 3167 0.9708767627222563 0.78394616678683 0.9685900438477681 0.8674551759720194 0.7854434703002163 222 4161 0.05335255948089401 0.40437158469945356
12 7 1024 222 0.40437158469945356 0.13193943763518384 0.3962703003704436 0.19896126411365853 0.1328254456100047 222 4161 0.05335255948089401 0.40437158469945356
1 7 16 288 0.976271186440678 0.07089641913001682 0.8666876479920751 0.1321930335702777 0.07155342151569964 173 4161 0.041576544099975965 0.3835920177383592
2 7 16 3151 0.9722307929651343 0.7788993030521509 0.9698473580563542 0.8648927784048641 0.7804358614451864 173 4161 0.041576544099975965 0.3835920177383592
12 7 16 173 0.3835920177383592 0.10838740687334775 0.3741852130439227 0.16901741016015093 0.10916283145197474 173 4161 0.041576544099975965 0.3835920177383592
1 4 4 917 0.9744952178533475 0.22614756068252823 0.9435802386384605 0.36710288914254013 0.22788020299094325 192 4161 0.046142754145638065 0.384
2 4 4 2838 0.9617078956286005 0.7092045181446768 0.9583296653030435 0.8163774224107936 0.7110529548405818 192 4161 0.046142754145638065 0.384
12 4 4 192 0.384 0.1201634222542658 0.3758298024350794 0.18304681422273744 0.12098645890004142 192 4161 0.046142754145638065 0.384
1 4 512 1143 0.9802744425385935 0.28022110069694783 0.956612788127673 0.43585014599598826 0.28221656785904486 161 4161 0.038692621965873586 0.3870192307692308
2 4 512 1995 0.9279069767441861 0.5167027156933429 0.9206527464030774 0.6637807531050524 0.5189798165181577 161 4161 0.038692621965873586 0.3870192307692308
12 4 512 161 0.3870192307692308 0.09997596731554914 0.37632155418471597 0.15890350507783724 0.10071555554787959 161 4161 0.038692621965873586 0.3870192307692308
1 4 8 2696 0.9803636363636363 0.6608988223984619 0.9756940294072644 0.7895399901898538 0.6630380298504978 149 4161 0.03580869983177121 0.371571072319202
2 4 8 904 0.874274661508704 0.24849795722182166 0.8530066153495973 0.3869981576169085 0.2502715816612471 149 4161 0.03580869983177121 0.371571072319202
12 4 8 149 0.371571072319202 0.09637106464792117 0.36135430176449956 0.15304755440003073 0.09708297985538894 149 4161 0.03580869983177121 0.371571072319202
1 4 64 2068 0.9695264885138303 0.5126171593366979 0.9610452486094514 0.6706447315878045 0.5150202673564457 160 4161 0.038452295121365054 0.31496062992125984
2 4 64 1575 0.9046524985640436 0.4184090362893535 0.8943618063165227 0.5721801596217955 0.42064759777478594 160 4161 0.038452295121365054 0.31496062992125984
12 4 64 160 0.31496062992125984 0.12208603701033405 0.3101099419163378 0.17596425293129428 0.12283077683260439 160 4161 0.038452295121365054 0.31496062992125984
1 4 256 331 0.9792899408284024 0.08123047344388368 0.8826707346709117 0.1500172640937021 0.08197478145916134 161 4161 0.038692621965873586 0.3744186046511628
2 4 256 3150 0.9734239802224969 0.7776976688296082 0.9710044099335386 0.8646224671046242 0.779248991166045 161 4161 0.038692621965873586 0.3744186046511628
12 4 256 161 0.3744186046511628 0.10334054313866858 0.3649404399945073 0.16197543111364834 0.10408666656742634 161 4161 0.038692621965873586 0.3744186046511628
1 4 32 2567 0.9753039513677811 0.6325402547464551 0.9700991829125025 0.7673865508951789 0.6347489482325854 244 4161 0.05863975006008171 0.3398328690807799
2 4 32 1441 0.848145968216598 0.40831530881999517 0.8391957884489892 0.5512481590416861 0.41042260117871043 244 4161 0.05863975006008171 0.3398328690807799
12 4 32 244 0.3398328690807799 0.17255467435712568 0.3366020842767202 0.22888827338242285 0.17339976067560867 244 4161 0.05863975006008171 0.3398328690807799
1 4 2 418 0.9675925925925926 0.10382119682768565 0.8939538267844177 0.18752161302482653 0.10474701685809949 140 4161 0.03364575823119442 0.3684210526315789
2 4 2 2720 0.9587592527317589 0.6818072578707042 0.9549187513528046 0.7969064501056438 0.683762853504822 140 4161 0.03364575823119442 0.3684210526315789
12 4 2 140 0.3684210526315789 0.091324200913242 0.3576758657324261 0.14636696288552012 0.09200937011972932 140 4161 0.03364575823119442 0.3684210526315789
1 4 128 264 0.9705882352941176 0.06536890170632059 0.8535588962756316 0.12248824721447041 0.0659781545830632 186 4161 0.044700793078586876 0.3654223968565815
2 4 128 3389 0.9744105807935595 0.8358567652006729 0.9728139847096176 0.8998313733512027 0.8370351817625975 186 4161 0.044700793078586876 0.3654223968565815
12 4 128 186 0.3654223968565815 0.12232636385484258 0.35837109343114093 0.1832943379021071 0.1231374208777044 186 4161 0.044700793078586876 0.3654223968565815
1 4 1024 1390 0.9699930216329379 0.34438836818072577 0.9528551452643359 0.5083065181168107 0.346601669983363 175 4161 0.04205719778899303 0.3391472868217054
2 4 1024 2363 0.943313373253493 0.6020187454938717 0.9380480727854899 0.7349777134432303 0.6041830613060539 175 4161 0.04205719778899303 0.3391472868217054
12 4 1024 175 0.3391472868217054 0.1240086517664023 0.333420158643551 0.1816113938523638 0.12479243677623793 175 4161 0.04205719778899303 0.3391472868217054
1 4 16 2240 0.9798775153105862 0.5493871665465032 0.9723339098324152 0.7040404948676088 0.5517873364322852 137 4161 0.03292477769766883 0.3269689737470167
2 4 16 1336 0.8924515698062793 0.3597692862292718 0.8795575873823493 0.5128115583059458 0.36190803833737284 137 4161 0.03292477769766883 0.3269689737470167
12 4 16 137 0.3269689737470167 0.10069694784907474 0.31985285132419405 0.15397428710143798 0.10139166046023364 137 4161 0.03292477769766883 0.3269689737470167
1 6 4 1567 0.9799874921826142 0.384282624369142 0.9651737584963976 0.5520785961312703 0.3866094385124487 118 4161 0.028358567652006728 0.3224043715846995
2 6 4 1788 0.9273858921161826 0.4633501562124489 0.9182805529642307 0.6179524842225347 0.4656570935163025 118 4161 0.028358567652006728 0.3224043715846995
12 6 4 118 0.3224043715846995 0.08795962509012256 0.31411494737587997 0.13821177238644763 0.08859750615004877 118 4161 0.028358567652006728 0.3224043715846995
1 6 512 1189 0.9761904761904762 0.2927180966113915 0.9541328451188292 0.4503848807478456 0.2947614131890727 168 4161 0.04037490987743331 0.340080971659919
2 6 512 2395 0.9462662979059661 0.6082672434510935 0.9410886772237644 0.7405215484710189 0.6104260503542903 168 4161 0.04037490987743331 0.340080971659919
12 6 512 168 0.340080971659919 0.1187214611872146 0.3339166449690885 0.17600128938673543 0.11949153368703082 168 4161 0.04037490987743331 0.340080971659919
1 6 8 1667 0.9782863849765259 0.40951694304253783 0.9650161808865528 0.5773510434905355 0.4118879232600708 189 4161 0.04542177361211247 0.3351063829787234
2 6 8 2013 0.911272068809416 0.5308819995193463 0.9048527681676735 0.6709102010942553 0.5330852119477156 189 4161 0.04542177361211247 0.3351063829787234
12 6 8 189 0.3351063829787234 0.13554434030281182 0.3302916438072871 0.19301690772051333 0.13634828010528133 189 4161 0.04542177361211247 0.3351063829787234
1 6 64 470 0.9591836734693877 0.11776015380918048 0.8958097364712715 0.2097669610205076 0.11879191306137521 233 4161 0.05599615477048786 0.3541033434650456
2 6 64 3174 0.9635701275045537 0.7916366258111031 0.9615025409856042 0.8691823946428238 0.7930376628612151 233 4161 0.05599615477048786 0.3541033434650456
12 6 64 233 0.3541033434650456 0.15813506368661379 0.3498112418917012 0.21863317544601443 0.15900632570370918 233 4161 0.05599615477048786 0.3541033434650456
1 6 256 2168 0.9739442946990117 0.5349675558759913 0.9660953246801557 0.6906017719934368 0.5373655928310513 204 4161 0.049026676279740444 0.33387888707037644
2 6 256 1606 0.8718783930510315 0.4426820475847152 0.863588487630777 0.5872151638673102 0.44485021358548815 204 4161 0.049026676279740444 0.33387888707037644
12 6 256 204 0.33387888707037644 0.1468397019947128 0.3297206061746404 0.2039724587105669 0.1476586970932521 204 4161 0.049026676279740444 0.33387888707037644
1 6 32 847 0.9758064516129032 0.20860370103340542 0.9415219974720149 0.34372693757128386 0.2102402953939901 136 4161 0.032684450853160296 0.3192488262910798
2 6 32 2503 0.9524353120243532 0.631578947368421 0.9476686085687144 0.7595109554574995 0.6336925942234726 136 4161 0.032684450853160296 0.3192488262910798
12 6 32 136 0.3192488262910798 0.10237923576063446 0.31269069125298665 0.1550392575584849 0.10307248712354863 136 4161 0.032684450853160296 0.3192488262910798
1 6 2 0 0 0.0 0 0 0 217 4161 0.052150925258351355 0.39311594202898553
2 6 2 3571 0.9788925438596491 0.8767123287671232 0.9777642493399346 0.9249891228460706 0.8776193482325069 217 4161 0.052150925258351355 0.39311594202898553
12 6 2 217 0.39311594202898553 0.13266041816870944 0.38561992943243495 0.198376835499954 0.13353639209803295 217 4161 0.052150925258351355 0.39311594202898553
1 6 128 736 0.9722589167767504 0.1819274212929584 0.9321646406613265 0.30650260139813973 0.1834035139954743 172 4161 0.04133621725546743 0.3467741935483871
2 6 128 2895 0.9666110183639399 0.7197788993030522 0.9633401666497268 0.8251308995190358 0.7216033287970972 172 4161 0.04133621725546743 0.3467741935483871
12 6 128 172 0.3467741935483871 0.11920211487623167 0.34034098117602785 0.17741767771506525 0.1199817041558435 172 4161 0.04133621725546743 0.3467741935483871
1 6 1024 1262 0.9767801857585139 0.3105022831050228 0.9564596162118248 0.4712135605132964 0.3126135590804416 209 4161 0.0502283105022831 0.3554421768707483
2 6 1024 2423 0.936968290796597 0.6214852198990627 0.9322826232619729 0.7472945971731176 0.6235640109286443 209 4161 0.0502283105022831 0.3554421768707483
12 6 1024 209 0.3554421768707483 0.14131218457101657 0.35018832075308326 0.20222594666910207 0.14216012425701496 209 4161 0.0502283105022831 0.3554421768707483
1 6 16 1388 0.9733520336605891 0.34270608026916605 0.9559351338514219 0.5069284656158374 0.344918721837249 209 4161 0.0502283105022831 0.3344
2 6 16 2354 0.9322772277227723 0.6068252823840423 0.927352900930502 0.7351419262305295 0.6089299706116402 209 4161 0.0502283105022831 0.3344
12 6 16 209 0.3344 0.15020427781783224 0.33038855484587115 0.20729619114573494 0.15102794013315124 209 4161 0.0502283105022831 0.3344
1 1 4 1683 0.9722703639514731 0.4160057678442682 0.9595665018060664 0.5826939901137317 0.4183757194076564 283 4161 0.06801249699591444 0.385558583106267
2 1 4 2277 0.9252336448598131 0.5914443643354963 0.920092396835119 0.7216089659482338 0.5935645189197049 283 4161 0.06801249699591444 0.385558583106267
12 1 4 283 0.385558583106267 0.1763999038692622 0.3810847707333364 0.24205523565257975 0.17735248377582238 283 4161 0.06801249699591444 0.385558583106267
1 1 512 259 0.9664179104477612 0.06440759432828647 0.8487322004252007 0.12076661363017528 0.06500834500754087 258 4161 0.06200432588320115 0.44869565217391305
2 1 512 3441 0.9756166713921179 0.847632780581591 0.974160351970947 0.9071327799480748 0.8487351493752497 258 4161 0.06200432588320115 0.44869565217391305
12 1 512 258 0.44869565217391305 0.13818793559240566 0.438930551928727 0.21130025502737215 0.13914129178848286 258 4161 0.06200432588320115 0.44869565217391305
1 1 8 2615 0.9721189591078067 0.64647921172795 0.9672948143552171 0.776541960461144 0.6486304770328344 297 4161 0.07137707281903388 0.38571428571428573
2 1 8 1450 0.855457227138643 0.40735400144196104 0.846240462514056 0.5519018466901888 0.409477679255743 297 4161 0.07137707281903388 0.38571428571428573
12 1 8 297 0.38571428571428573 0.18505167027156932 0.38161715355283843 0.25010977641701804 0.18600977977782893 297 4161 0.07137707281903388 0.38571428571428573
1 1 64 1588 0.9706601466992665 0.3931747176159577 0.9567468162776274 0.5596557751457213 0.3955044381064934 296 4161 0.07113674597452535 0.4327485380116959
2 1 64 2353 0.9359586316626889 0.6041816870944484 0.930897366699553 0.7343344736081103 0.6063096431312031 296 4161 0.07113674597452535 0.4327485380116959
12 1 64 296 0.4327485380116959 0.1643835616438356 0.42586490156788637 0.23826133619533135 0.1653991133273828 296 4161 0.07113674597452535 0.4327485380116959
1 1 256 618 0.976303317535545 0.1521268925739005 0.926600028451892 0.26323646526951366 0.15340912049287547 293 4161 0.07041576544099976 0.4240231548480463
2 1 256 3195 0.9629294755877035 0.7974044700793078 0.9609544788317326 0.8723847768712013 0.7987639293514616 293 4161 0.07041576544099976 0.4240231548480463
12 1 256 293 0.4240231548480463 0.16606584955539533 0.4176006084717031 0.2386615067067298 0.16707218096170293 293 4161 0.07041576544099976 0.4240231548480463
1 1 32 1923 0.9673038229376257 0.4777697668829608 0.9575892849669461 0.6396193595196552 0.4801757849677053 300 4161 0.07209805335255948 0.3865979381443299
2 1 32 2056 0.905726872246696 0.5455419370343667 0.8998446212190363 0.6809379339645792 0.5476984318329828 300 4161 0.07209805335255948 0.3865979381443299
12 1 32 300 0.3865979381443299 0.1864936313386205 0.3825340554681539 0.25161093686165076 0.18745429402420632 300 4161 0.07209805335255948 0.3865979381443299
1 1 2 937 0.9730010384215991 0.23143475126171592 0.943081875997515 0.37392819979835173 0.23319443035309548 296 4161 0.07113674597452535 0.4054794520547945
2 1 2 2917 0.9495442708333334 0.738284066330209 0.9468616496272649 0.8306927784012669 0.7399139714814006 296 4161 0.07113674597452535 0.4054794520547945
12 1 2 296 0.4054794520547945 0.17543859649122806 0.4002827793785281 0.24491146781399967 0.17642962525818826 296 4161 0.07113674597452535 0.4054794520547945
1 1 128 1692 0.9701834862385321 0.4191300168228791 0.957716525728008 0.5853725887100389 0.42150038860516037 281 4161 0.06753184330689738 0.3807588075880759
2 1 128 2262 0.9228886168910648 0.589041095890411 0.9177386998611603 0.719106606190323 0.591158390787624 281 4161 0.06753184330689738 0.3807588075880759
12 1 128 281 0.3807588075880759 0.1773612112472963 0.3764840413734561 0.24199756693127017 0.1783042644943918 281 4161 0.06753184330689738 0.3807588075880759
1 1 1024 492 0.9704142011834319 0.12184571016582552 0.907817178022343 0.21650672384768913 0.12290984103391378 251 4161 0.06032203797164143 0.4911937377690802
2 1 1024 3078 0.9712843168191858 0.7615957702475367 0.9686437758844786 0.8537532780463857 0.7632271714667912 251 4161 0.06032203797164143 0.4911937377690802
12 1 1024 251 0.4911937377690802 0.12280701754385964 0.4770259699414259 0.19648848132408858 0.12372575172020468 251 4161 0.06032203797164143 0.4911937377690802
1 1 16 1328 0.9672250546249089 0.3299687575102139 0.9490773562561549 0.49206841186208977 0.3321353655257689 291 4161 0.06993511175198269 0.4409090909090909
2 1 16 2585 0.9521178637200737 0.6524873828406633 0.9478085005190381 0.7743273859861944 0.6545267777125033 291 4161 0.06993511175198269 0.4409090909090909
12 1 16 291 0.4409090909090909 0.15861571737563085 0.43327431948970546 0.2333018109861757 0.15962761899824474 291 4161 0.06993511175198269 0.4409090909090909
1 2 4 2443 0.9740829346092504 0.6027397260273972 0.9681771294503904 0.7446854941788973 0.6050233801888204 143 4161 0.03436673876472002 0.2708333333333333
2 2 4 1394 0.8745294855708908 0.38308099014659935 0.8635606910734654 0.5327812191668655 0.3852243540623368 143 4161 0.03436673876472002 0.2708333333333333
12 2 4 143 0.2708333333333333 0.12689257390050468 0.2678253331185365 0.1728161939650289 0.1275638293879047 143 4161 0.03436673876472002 0.2708333333333333
1 2 512 2011 0.9686897880539499 0.4989185291997116 0.9597425256587033 0.6586188952799781 0.5013256632956902 176 4161 0.04229752463350156 0.3492063492063492
2 2 512 1477 0.8897590361445783 0.39894256188416244 0.8790512039054702 0.5508843162483371 0.40113341971534744 176 4161 0.04229752463350156 0.3492063492063492
12 2 512 176 0.3492063492063492 0.12112472963229992 0.3428149514103042 0.17986276704462503 0.12191311254402375 176 4161 0.04229752463350156 0.3492063492063492
1 2 8 1112 0.9703315881326352 0.2754145638067772 0.9466817230111583 0.4290496112348973 0.27738140251887067 248 4161 0.059601057438115834 0.38271604938271603
2 2 8 2722 0.9477715877437326 0.6902186974285027 0.9442829131251403 0.7987467040238725 0.6920807766557742 248 4161 0.059601057438115834 0.38271604938271603
12 2 8 248 0.38271604938271603 0.15573179524152847 0.37727163439412204 0.22138098622981173 0.15665167854320258 248 4161 0.059601057438115834 0.38271604938271603
1 2 64 3206 0.9810281517747858 0.7853881278538812 0.9786145607914742 0.8723740517793721 0.7869419365690229 138 4161 0.03316510454217736 0.3157894736842105
2 2 64 456 0.7689713322091062 0.14251381879355923 0.7368996584023512 0.24046259223277228 0.14367268771338637 138 4161 0.03316510454217736 0.3157894736842105
12 2 64 138 0.3157894736842105 0.1050228310502283 0.3096370018216555 0.15762421473443747 0.10572145907446318 138 4161 0.03316510454217736 0.3157894736842105
1 2 256 2584 0.9750943396226415 0.6368661379476087 0.9699938804100786 0.7704960200340667 0.6390608828165014 94 4161 0.02259072338380197 0.27089337175792505
2 2 256 672 0.8275862068965517 0.19514539774092765 0.8018563844175822 0.3158201795611447 0.19663318930328108 94 4161 0.02259072338380197 0.27089337175792505
12 2 256 94 0.27089337175792505 0.08339341504446046 0.26499428814303433 0.12752789110592852 0.08396885451524728 94 4161 0.02259072338380197 0.27089337175792505
1 2 32 1650 0.9734513274336283 0.40735400144196104 0.9602390673497454 0.5743594482822355 0.40971304128460284 244 4161 0.05863975006008171 0.3685800604229607
2 2 32 2218 0.9260960334029228 0.5755827925979332 0.9205456805037534 0.7099320199372903 0.5777478297498404 244 4161 0.05863975006008171 0.3685800604229607
12 2 32 244 0.3685800604229607 0.1590963710646479 0.36383681918900235 0.22225646839964558 0.15999671421960304 244 4161 0.05863975006008171 0.3685800604229607
1 2 2 2229 0.9797802197802198 0.5467435712569094 0.9721566941467282 0.7018410581672848 0.5491466219252242 220 4161 0.05287190579187695 0.3374233128834356
2 2 2 1731 0.8746841839312784 0.475606825282384 0.867477329158203 0.6161720177438311 0.47776506076361985 220 4161 0.05287190579187695 0.3374233128834356
12 2 2 220 0.3374233128834356 0.1566931026195626 0.3336135045924291 0.2140058663627059 0.157528500625615 220 4161 0.05287190579187695 0.3374233128834356
1 2 128 2539 0.9716800612323 0.6279740447007931 0.9664428481588512 0.7629022498601126 0.6301810726074479 165 4161 0.03965392934390771 0.30612244897959184
2 2 128 1301 0.874915938130464 0.3573660177841865 0.8625478992637106 0.5074572798942375 0.3594713899410662 165 4161 0.03965392934390771 0.30612244897959184
12 2 128 165 0.30612244897959184 0.12953616919009853 0.3020456701738292 0.18204129421565757 0.13028024807627292 165 4161 0.03965392934390771 0.30612244897959184
1 2 1024 1621 0.9666070363744782 0.4030281182408075 0.9534069632243736 0.5688665534548948 0.40536821115447486 147 4161 0.035328046142754144 0.3702770780856423
2 2 1024 1521 0.9195888754534461 0.39750060081711125 0.9077838419291605 0.5550680300514187 0.39974766143753176 147 4161 0.035328046142754144 0.3702770780856423
12 2 1024 147 0.3702770780856423 0.09540975726988704 0.3600082381705935 0.15172447860065827 0.09611619105239327 147 4161 0.035328046142754144 0.3702770780856423
1 2 16 2108 0.9683050068902159 0.5231915404950733 0.9602166948224833 0.679329749857095 0.5255836387796392 234 4161 0.05623648161499639 0.320109439124487
2 2 16 1870 0.8795860771401693 0.5109348714251382 0.8733470682114987 0.6463925620029548 0.5130639290746769 234 4161 0.05623648161499639 0.320109439124487
12 2 16 234 0.320109439124487 0.1756789233357366 0.3175248255947544 0.22685680372139905 0.17646724454731716 234 4161 0.05623648161499639 0.320109439124487
1 9 4 1140 0.9802235597592434 0.27950012016342224 0.956481422486958 0.4349725374004959 0.2814924760898141 187 4161 0.04494111992309541 0.3702970297029703
2 9 4 2539 0.9516491754122939 0.6411920211487623 0.9471087969018344 0.7661653396767506 0.6432697868688358 187 4161 0.04494111992309541 0.3702970297029703
12 9 4 187 0.3702970297029703 0.12136505647680845 0.3629267390970079 0.182813038411355 0.12217826709481017 187 4161 0.04494111992309541 0.3702970297029703
1 9 512 2040 0.966824644549763 0.5070896419130017 0.9582232638930827 0.6652581731519704 0.509488324158519 182 4161 0.04373948570055275 0.33455882352941174
2 9 512 1695 0.901595744680851 0.4518144676760394 0.892795959265716 0.6019667913286633 0.45405720659249776 182 4161 0.04373948570055275 0.33455882352941174
12 9 512 182 0.33455882352941174 0.13073780341264118 0.32947317348262006 0.18800688923111394 0.13153118816928958 182 4161 0.04373948570055275 0.33455882352941174
1 9 8 2887 0.9779810298102981 0.7094448449891853 0.9743295518938776 0.8223455743542842 0.7113788248335611 150 4161 0.03604902667627974 0.34324942791762014
2 9 8 674 0.8310727496917386 0.19490507089641912 0.8050559918283513 0.31575788471897487 0.19639353502158327 150 4161 0.03604902667627974 0.34324942791762014
12 9 8 150 0.34324942791762014 0.1050228310502283 0.3357098126113975 0.1608354117619636 0.10574950129755199 150 4161 0.03604902667627974 0.34324942791762014
1 9 64 2693 0.9803421914816163 0.6601778418649363 0.9756574243529539 0.7890183345597188 0.6623194569496649 152 4161 0.0365296803652968 0.3282937365010799
2 9 64 927 0.8396739130434783 0.2653208363374189 0.8220546829095705 0.4032290379374724 0.2671299652944695 152 4161 0.0365296803652968 0.3282937365010799
12 9 64 152 0.3282937365010799 0.11127132900745013 0.32207423029527077 0.16620829648068527 0.1120044164051475 152 4161 0.0365296803652968 0.3282937365010799
1 9 256 2462 0.9746634996041171 0.6070656092285508 0.9688548560560153 0.7481492094644121 0.6093410070616517 196 4161 0.04710406152367219 0.3408695652173913
2 9 256 1389 0.8713927227101631 0.38308099014659935 0.8605321609391685 0.5321976596259944 0.3852183063297288 196 4161 0.04710406152367219 0.3408695652173913
12 9 256 196 0.3408695652173913 0.13818793559240566 0.33599035316548265 0.19665305915906822 0.1390062858557712 196 4161 0.04710406152367219 0.3408695652173913
1 9 32 2367 0.9793131981795614 0.5808699831771209 0.9727070518135064 0.7292139125061436 0.5832193746997612 124 4161 0.029800528719057917 0.3563218390804598
2 9 32 1039 0.8987889273356401 0.2778178322518625 0.879328996707732 0.4244401783513542 0.27973135418988065 124 4161 0.029800528719057917 0.3563218390804598
12 9 32 124 0.3563218390804598 0.083633741888969 0.34517870702919695 0.13547062479986438 0.08427228042559826 124 4161 0.029800528719057917 0.3563218390804598
1 9 2 1297 0.9737237237237237 0.3201153568853641 0.9544292272075534 0.4818279521759811 0.322257078121838 165 4161 0.03965392934390771 0.3634361233480176
2 9 2 2358 0.9550425273390036 0.5933669790915646 0.9493134585283466 0.7319648930049092 0.5956001907789696 165 4161 0.03965392934390771 0.3634361233480176
12 9 2 165 0.3634361233480176 0.10910838740687334 0.3552376460601183 0.16783150980025338 0.10986962795604512 165 4161 0.03965392934390771 0.3634361233480176
1 9 128 1568 0.978776529338327 0.3850036049026676 0.9640555641382621 0.5526293905125724 0.38733007076929327 205 4161 0.049267003124248976 0.3707052441229656
2 9 128 2067 0.9240053643272239 0.5376111511655852 0.9174765257223761 0.6797345026327171 0.5398462918816624 205 4161 0.049267003124248976 0.3707052441229656
12 9 128 205 0.3707052441229656 0.13290074501321797 0.3642520711314741 0.19565693890477678 0.13375024730945942 205 4161 0.049267003124248976 0.3707052441229656
1 9 1024 1303 0.9716629381058911 0.32227829848594086 0.9526571360911467 0.484018701219269 0.32442503806979145 194 4161 0.04662340783465513 0.3766990291262136
2 9 1024 2256 0.9407839866555463 0.5763037731314588 0.9349296183840841 0.7147607087507812 0.5785229055873635 194 4161 0.04662340783465513 0.3766990291262136
12 9 1024 194 0.3766990291262136 0.12376832492189377 0.36922825520365476 0.18631947701497212 0.1245966331691642 194 4161 0.04662340783465513 0.3766990291262136
1 9 16 1241 0.9740973312401884 0.30617639990386925 0.9535027058142304 0.46590913611665574 0.3082692180250261 88 4161 0.02114876231675078 0.3876651982378855
2 9 16 1688 0.9645714285714285 0.4205719778899303 0.9523746654715117 0.585746878825746 0.4229336244805187 88 4161 0.02114876231675078 0.3876651982378855
12 9 16 88 0.3876651982378855 0.05455419370343667 0.36556462069320406 0.09564828093091403 0.05502230548875024 88 4161 0.02114876231675078 0.3876651982378855
1 10 4 1062 0.9761029411764706 0.26147560682528237 0.9503855509085987 0.4124620764963341 0.2633848153379051 166 4161 0.039894256188416244 0.3915094339622642
2 10 4 2146 0.9391684901531728 0.5491468397019947 0.9326103741334891 0.6930539489444043 0.5514141016391825 166 4161 0.039894256188416244 0.3915094339622642
12 10 4 166 0.3915094339622642 0.1018985820716174 0.3807938644311225 0.161708990904099 0.10265039859426625 166 4161 0.039894256188416244 0.3915094339622642
1 10 512 1990 0.9688412852969815 0.4936313386205239 0.9596939586884771 0.6540299117406998 0.4960402923941668 134 4161 0.03220379716414323 0.2851063829787234
2 10 512 1645 0.9098451327433629 0.4345109348714251 0.9000960038967882 0.5881442703166564 0.4367701791423007 134 4161 0.03220379716414323 0.2851063829787234
12 10 512 134 0.2851063829787234 0.11295361691900985 0.280868052357396 0.16180373397184747 0.11363296134394933 134 4161 0.03220379716414323 0.2851063829787234
1 10 8 3030 0.9764743796326136 0.7457341985099736 0.973492087234821 0.8456470930439897 0.747483007296732 50 4161 0.01201634222542658 0.15337423312883436
2 10 8 403 0.8076152304609219 0.11992309540975726 0.7642250815301345 0.20883604620008267 0.12094273802816444 50 4161 0.01201634222542658 0.15337423312883436
12 10 8 50 0.15337423312883436 0.0783465513097813 0.15193366341659245 0.10371397848094016 0.07872785955290341 50 4161 0.01201634222542658 0.15337423312883436
1 10 64 2210 0.9714285714285714 0.5467435712569094 0.964014692051085 0.699686565746566 0.5491204239818234 131 4161 0.03148281663061764 0.26899383983572894
2 10 64 1444 0.8810250152532032 0.3938956981494833 0.8703677822065802 0.544397717947671 0.3960639010195405 131 4161 0.03148281663061764 0.26899383983572894
12 10 64 131 0.26899383983572894 0.11703917327565488 0.2655798940820644 0.1631094521003247 0.11769746354769858 131 4161 0.03148281663061764 0.26899383983572894
1 10 256 1357 0.9790764790764791 0.3330930064888248 0.9606309509745672 0.49707531166612684 0.3352832645734454 121 4161 0.029079548185532322 0.26948775055679286
2 10 256 2206 0.9355385920271416 0.5666906993511175 0.9295482477298841 0.7058323546592687 0.5689114967271661 121 4161 0.029079548185532322 0.26948775055679286
12 10 256 121 0.26948775055679286 0.10790675318433068 0.26555072908224375 0.15410689820474782 0.1085511663066019 121 4161 0.029079548185532322 0.26948775055679286
1 10 32 2009 0.9747695293546822 0.4953136265320836 0.9655160192452293 0.656856217533356 0.4977375884380684 55 4161 0.013217976447969237 0.23109243697478993
2 10 32 959 0.9230028873917228 0.24969959144436432 0.8990017365969292 0.39306379587843593 0.25151616172112773 55 4161 0.013217976447969237 0.23109243697478993
12 10 32 55 0.23109243697478993 0.05719778899303052 0.2243395203499594 0.09169909526828464 0.05762713371514014 55 4161 0.013217976447969237 0.23109243697478993
1 10 2 1297 0.9708083832335329 0.3210766642633982 0.9517396382789926 0.48255673820438105 0.323218446517059 90 4161 0.021629416005767843 0.2571428571428571
2 10 2 1864 0.9310689310689311 0.48113434270608024 0.9225272986964859 0.6344260015293977 0.4834474482210915 90 4161 0.021629416005767843 0.2571428571428571
12 10 2 90 0.2571428571428571 0.08411439557798606 0.25201018021322047 0.12676311394595463 0.08467854623850524 90 4161 0.021629416005767843 0.2571428571428571
1 10 128 1193 0.967558799675588 0.29632299927901945 0.9463345152397362 0.45369737223184026 0.2983724386479015 83 4161 0.019947128094208122 0.3192307692307692
2 10 128 1770 0.9480449919657205 0.4486902186974285 0.9377123621306397 0.6091040184748225 0.45104242972365 83 4161 0.019947128094208122 0.3192307692307692
12 10 128 83 0.3192307692307692 0.06248497957221821 0.30675139327857 0.10451299511094214 0.06298654197937227 83 4161 0.019947128094208122 0.3192307692307692
1 10 1024 1444 0.978319783197832 0.3547224224945926 0.9615826576034625 0.5206616294493993 0.3569753138207867 145 4161 0.03484739245373708 0.29116465863453816
2 10 1024 1982 0.9218604651162791 0.5167027156933429 0.9147586630618609 0.6622271613372348 0.5189609670521854 145 4161 0.03484739245373708 0.29116465863453816
12 10 1024 145 0.29116465863453816 0.11968276856524873 0.28709192286412893 0.16963665899648675 0.12038475662874548 145 4161 0.03484739245373708 0.29116465863453816
1 10 16 3003 0.9788135593220338 0.7373227589521749 0.9756497121397842 0.8410771409871239 0.7391282654297854 75 4161 0.01802451333813987 0.1875
2 10 16 604 0.7936925098554534 0.18288872867099254 0.7682876244775703 0.29727667982272465 0.18429295396788042 75 4161 0.01802451333813987 0.1875
12 10 16 75 0.1875 0.09613073780341264 0.18575196595160334 0.12709844833977652 0.09659679604686378 75 4161 0.01802451333813987 0.1875
