1 8 2 18 0.05128205128205128 0.08435472242249459 0.05148189616488845 0.06378628867384491 0.08381950823334977 64 4161 0.015380918048546022 0.12427184466019417
2 8 2 49 0.266304347826087 0.04422013938956981 0.25368959202828034 0.07584596942101832 0.044588301402611864 64 4161 0.015380918048546022 0.12427184466019417
12 8 2 64 0.12427184466019417 0.12376832492189377 0.12426683923627198 0.12401957372034263 0.12377329026561011 64 4161 0.015380918048546022 0.12427184466019417
1 8 4 12 0.05741626794258373 0.0502283105022831 0.05733503061996835 0.053582301603409786 0.050290646135971846 89 4161 0.02138908916125931 0.1934782608695652
2 8 4 77 0.2862453531598513 0.064647921172795 0.276849577257822 0.10547461795813198 0.06514726662981862 89 4161 0.02138908916125931 0.1934782608695652
12 8 4 89 0.1934782608695652 0.11055034847392453 0.19205187250041558 0.1407044501992511 0.1110214931063647 89 4161 0.02138908916125931 0.1934782608695652
1 8 8 8 0.0449438202247191 0.04277817832251862 0.0449213040121336 0.043834267068891215 0.04279859686878437 44 4161 0.01057438115837539 0.16988416988416988
2 8 8 36 0.4090909090909091 0.02114876231675078 0.3462122753182225 0.04021835724260505 0.021349213042684546 44 4161 0.01057438115837539 0.16988416988416988
12 8 8 44 0.16988416988416988 0.06224465272770968 0.1670244184453644 0.09110786880658765 0.06263759843891978 44 4161 0.01057438115837539 0.16988416988416988
1 8 16 0 0.0 0.0033645758231194423 0 0 0 273 4161 0.06560922855082912 0.3438287153652393
2 8 16 273 0.34777070063694265 0.1886565729391973 0.34489067154029435 0.24461555846495048 0.18951506864127768 273 4161 0.06560922855082912 0.3438287153652393
12 8 16 273 0.3438287153652393 0.19081951453977408 0.34112051232267077 0.24542951750718556 0.1916640046862994 273 4161 0.06560922855082912 0.3438287153652393
1 8 32 6 0.05555555555555555 0.02595529920692141 0.05493525918987112 0.03538083538083538 0.02609294715388811 204 4161 0.049026676279740444 0.27019867549668874
2 8 32 199 0.2987987987987988 0.16005767844268204 0.2962562178756784 0.20845316315336251 0.160796913721904 204 4161 0.049026676279740444 0.27019867549668874
12 8 32 204 0.27019867549668874 0.18144676760394135 0.26889643220734855 0.21710249501539605 0.1820387885121221 204 4161 0.049026676279740444 0.27019867549668874
1 8 64 2 0.011976047904191617 0.040134583032924775 0.012059822209320534 0.018447433100439097 0.039221522423842185 32 4161 0.007690459024273011 0.13445378151260504
2 8 64 31 0.3974358974358974 0.018745493871665464 0.3311919999023584 0.0358023320377568 0.018924023090255822 32 4161 0.007690459024273011 0.13445378151260504
12 8 64 32 0.13445378151260504 0.05719778899303052 0.13267944815328953 0.08025458913781112 0.05752505039693851 32 4161 0.007690459024273011 0.13445378151260504
1 8 128 3 0.047619047619047616 0.01514059120403749 0.046628707103128365 0.022975929978118162 0.015243529944444844 30 4161 0.007209805335255948 0.18181818181818182
2 8 128 27 0.25471698113207547 0.02547464551790435 0.2338789608292265 0.04631705007970352 0.025703685313521258 30 4161 0.007209805335255948 0.18181818181818182
12 8 128 30 0.18181818181818182 0.03965392934390771 0.17558554856655184 0.06510802012429713 0.039963310012409846 30 4161 0.007209805335255948 0.18181818181818182
1 8 256 0 0.0 0.015621244893054553 0 0 0 201 4161 0.04830569574621485 0.29472140762463345
2 8 256 202 0.3166144200626959 0.15332852679644315 0.31331087828254917 0.20660389911235158 0.15411546899472603 201 4161 0.04830569574621485 0.29472140762463345
12 8 256 201 0.29472140762463345 0.16390290795481854 0.2924106504075154 0.21065475207167195 0.16462640305924678 201 4161 0.04830569574621485 0.29472140762463345
1 8 512 3 0.0196078431372549 0.03677000720980533 0.019698876043550924 0.025576730190571714 0.036454094450853146 21 4161 0.005046863734679163 0.09545454545454546
2 8 512 18 0.25 0.017303532804614274 0.22062437426048964 0.03236682400539447 0.017464480244387445 21 4161 0.005046863734679163 0.09545454545454546
12 8 512 21 0.09545454545454546 0.05287190579187695 0.09469939507417835 0.06805075820622915 0.053106470153075735 21 4161 0.005046863734679163 0.09545454545454546
1 8 1024 3 0.03260869565217391 0.022110069694784906 0.03245610869000784 0.026352222275266148 0.022180775388219266 205 4161 0.049267003124248976 0.2907801418439716
2 8 1024 203 0.32018927444794953 0.15236721941840903 0.31673519405312095 0.20647837906563166 0.15316204536958153 205 4161 0.049267003124248976 0.2907801418439716
12 8 1024 205 0.2907801418439716 0.16943042537851477 0.28873265137001397 0.21410635319215127 0.17013340419784834 205 4161 0.049267003124248976 0.2907801418439716
1 3 2 0 0.0 0.002403268445085316 0 0 0 129 4161 0.031002162941600575 0.27157894736842103
2 3 2 129 0.27682403433476394 0.11199230954097572 0.2728479830619383 0.15946944324700732 0.1126564680899133 129 4161 0.031002162941600575 0.27157894736842103
12 3 2 129 0.27157894736842103 0.1141552511415525 0.26792081602235984 0.16074365747894132 0.11481419469681614 129 4161 0.031002162941600575 0.27157894736842103
1 3 4 12 0.041237113402061855 0.06993511175198269 0.041405338697952765 0.051882061910810996 0.0694565311790489 161 4161 0.038692621965873586 0.24283559577677225
2 3 4 158 0.37264150943396224 0.1018985820716174 0.3630897881721518 0.1600355464672115 0.1026369079250191 161 4161 0.038692621965873586 0.24283559577677225
12 3 4 161 0.24283559577677225 0.15933669790915644 0.24158214182453192 0.19241813806343455 0.15988100487324436 161 4161 0.038692621965873586 0.24283559577677225
1 3 8 16 0.05063291139240506 0.07594328286469598 0.05080054308639244 0.06075754662564892 0.07556926748764622 32 4161 0.007690459024273011 0.08121827411167512
2 3 8 18 0.20454545454545456 0.02114876231675078 0.18837204373494346 0.03833401902180489 0.021338187545148112 32 4161 0.007690459024273011 0.08121827411167512
12 3 8 32 0.08121827411167512 0.09468877673636145 0.08133283327218825 0.08743775746563656 0.09453353996856521 32 4161 0.007690459024273011 0.08121827411167512
1 3 16 9 0.04838709677419355 0.044700793078586876 0.04834762109424261 0.04647095565271705 0.04473453603337588 135 4161 0.032444124008651765 0.22998296422487224
2 3 16 134 0.3116279069767442 0.10334054313866858 0.30553077258027717 0.1552108221971409 0.1040289727093809 135 4161 0.032444124008651765 0.22998296422487224
12 3 16 135 0.22998296422487224 0.14107185772650804 0.22855673843369392 0.17487509709766258 0.14161391465798306 135 4161 0.032444124008651765 0.22998296422487224
1 3 32 22 0.056265984654731455 0.09396779620283585 0.056490391648908345 0.07038617478715178 0.0933484945494726 35 4161 0.008411439557798606 0.07777777777777778
2 3 32 13 0.18571428571428572 0.01682287911559721 0.16892332744585944 0.03085111792924584 0.016975730486498464 35 4161 0.008411439557798606 0.07777777777777778
12 3 32 35 0.07777777777777778 0.10814708002883922 0.07799462973327381 0.09048214054892498 0.10773059731816334 35 4161 0.008411439557798606 0.07777777777777778
1 3 64 12 0.0425531914893617 0.06777217015140591 0.04271054987471152 0.052280311457174634 0.067376817662463 33 4161 0.007930785868781542 0.09217877094972067
2 3 64 24 0.2696629213483146 0.02138908916125931 0.24186626366086522 0.03963445748480772 0.021585858609104107 33 4161 0.007930785868781542 0.09217877094972067
12 3 64 33 0.09217877094972067 0.08603701033405431 0.09211366656031364 0.08900206044214753 0.08609380564789518 33 4161 0.007930785868781542 0.09217877094972067
1 3 128 8 0.03940886699507389 0.04878634943523191 0.039484009871483906 0.043599071103534365 0.04867168010530536 44 4161 0.01057438115837539 0.12324929971988796
2 3 128 36 0.21052631578947367 0.0410958904109589 0.20226969292389854 0.06876790830945559 0.04142598352531019 44 4161 0.01057438115837539 0.12324929971988796
12 3 128 44 0.12324929971988796 0.08579668348954578 0.12271890187982906 0.10116799180763396 0.08605559743953206 44 4161 0.01057438115837539 0.12324929971988796
1 3 256 16 0.07373271889400922 0.052150925258351355 0.07343184218704062 0.06109180486517397 0.05230250053358179 58 4161 0.013938956981494832 0.17058823529411765
2 3 256 44 0.32592592592592595 0.032444124008651765 0.29913481559485916 0.059013754973697145 0.03273597839209347 58 4161 0.013938956981494832 0.17058823529411765
12 3 256 58 0.17058823529411765 0.08171112713290074 0.16877069362812927 0.11049538015005407 0.08213481570678036 58 4161 0.013938956981494832 0.17058823529411765
1 3 512 8 0.04419889502762431 0.04349915885604422 0.044191856621224226 0.04384623537070963 0.0435059783237609 75 4161 0.01802451333813987 0.20604395604395603
2 3 512 70 0.35 0.04806536890170632 0.32950618348414334 0.08452319859932986 0.048479445949189154 75 4161 0.01802451333813987 0.20604395604395603
12 3 512 75 0.20604395604395603 0.0874789714011055 0.20331559339093436 0.12281502842065722 0.087980228204241 75 4161 0.01802451333813987 0.20604395604395603
1 3 1024 4 0.045454545454545456 0.02114876231675078 0.04494313843477733 0.028866655732327374 0.021261326775684385 76 4161 0.0182648401826484 0.2714285714285714
2 3 1024 73 0.36318407960199006 0.04830569574621485 0.34116555049169484 0.08526996635227252 0.04872394688519591 76 4161 0.0182648401826484 0.2714285714285714
12 3 1024 76 0.2714285714285714 0.06729151646238885 0.2635137090196998 0.10784621778043564 0.06779635354236326 76 4161 0.0182648401826484 0.2714285714285714
1 5 2 1 0.02040816326530612 0.011776015380918048 0.020261114136108503 0.014934471197805547 0.011825539246023304 160 4161 0.038452295121365054 0.274442538593482
2 5 2 159 0.29390018484288355 0.1300168228791156 0.2902775266801046 0.18028042084084336 0.1307386239821144 160 4161 0.038452295121365054 0.274442538593482
12 5 2 160 0.274442538593482 0.14011055034847392 0.27186185061402995 0.18551204247207523 0.14079286908973143 160 4161 0.038452295121365054 0.274442538593482
1 5 4 22 0.05486284289276808 0.09637106464792117 0.05509780639467532 0.06992070316989177 0.09565452542624527 40 4161 0.009613073780341264 0.0881057268722467
2 5 4 21 0.3333333333333333 0.01514059120403749 0.27592038506569533 0.028965517241379312 0.015285054373283946 40 4161 0.009613073780341264 0.0881057268722467
12 5 4 40 0.0881057268722467 0.10910838740687334 0.08827396616812751 0.0974886996854164 0.10885147615600982 40 4161 0.009613073780341264 0.0881057268722467
1 5 8 10 0.058823529411764705 0.04085556356645037 0.058568499902783795 0.04822011062260672 0.040979498317382276 89 4161 0.02138908916125931 0.19264069264069264
2 5 8 79 0.24842767295597484 0.07642393655371305 0.24301245872209673 0.11688918977394071 0.07695144976693676 89 4161 0.02138908916125931 0.19264069264069264
12 5 8 89 0.19264069264069264 0.1110310021629416 0.1912488983859757 0.14086982440092297 0.11149867487665366 89 4161 0.02138908916125931 0.19264069264069264
1 5 16 9 0.04864864864864865 0.044460466234078344 0.04860331756335137 0.04646036219549627 0.04449839579267688 64 4161 0.015380918048546022 0.17391304347826086
2 5 16 55 0.2849740932642487 0.0463830809901466 0.2711637418100009 0.07978083756726692 0.046770786523030024 64 4161 0.015380918048546022 0.17391304347826086
12 5 16 64 0.17391304347826086 0.08844027877913962 0.17226468175434856 0.11725346503106579 0.08887273561987108 64 4161 0.015380918048546022 0.17391304347826086
1 5 32 8 0.04819277108433735 0.039894256188416244 0.04809372050795874 0.04365261981460785 0.03996238778008053 198 4161 0.047584715212689255 0.2679296346414073
2 5 32 193 0.31795716639209226 0.14587839461667867 0.314286535426489 0.19999795138290188 0.14666428445554314 198 4161 0.047584715212689255 0.2679296346414073
12 5 32 198 0.2679296346414073 0.17760153809180484 0.26658719721694096 0.2136089150430037 0.17819634983856605 198 4161 0.047584715212689255 0.2679296346414073
1 5 64 4 0.03361344537815126 0.02859889449651526 0.03355519199522036 0.030904074013958772 0.028641199217663223 53 4161 0.012737322758952174 0.19557195571955718
2 5 64 50 0.3125 0.038452295121365054 0.2919022416502592 0.06847849347314358 0.03878908912849366 53 4161 0.012737322758952174 0.19557195571955718
12 5 64 53 0.19557195571955718 0.06512857486181206 0.19176911821102227 0.09771612455523279 0.06556153027687178 53 4161 0.012737322758952174 0.19557195571955718
1 5 128 2 0.023255813953488372 0.020668108627733717 0.023227020999515992 0.021885736098740297 0.020690903720360743 106 4161 0.02547464551790435 0.22362869198312235
2 5 128 105 0.26054590570719605 0.09685171833693823 0.2562576430171716 0.14121145175984542 0.09745795883233195 106 4161 0.02547464551790435 0.22362869198312235
12 5 128 106 0.22362869198312235 0.11391492429704397 0.22151634669604942 0.15094135566030084 0.11447096627672074 106 4161 0.02547464551790435 0.22362869198312235
1 5 256 1 0.01818181818181818 0.013217976447969237 0.01811446515859532 0.015307542443640411 0.013253802564867283 6 4161 0.0014419610670511895 0.05042016806722689
2 5 256 5 0.07692307692307693 0.015621244893054553 0.07404608565209055 0.025968837395125847 0.01574548201801197 6 4161 0.0014419610670511895 0.05042016806722689
12 5 256 6 0.05042016806722689 0.02859889449651526 0.05004212159609622 0.0364965369182406 0.02872196915596506 6 4161 0.0014419610670511895 0.05042016806722689
1 5 512 5 0.04504504504504504 0.026676279740447006 0.044740024183796856 0.03350842238724869 0.026784421601274068 53 4161 0.012737322758952174 0.15773809523809523
2 5 512 48 0.2077922077922078 0.0555155010814708 0.20229819279067196 0.0876213505920842 0.055921252206051875 53 4161 0.012737322758952174 0.15773809523809523
12 5 512 53 0.15773809523809523 0.08074981975486661 0.15626300756038178 0.10681734342243776 0.08114193341969907 53 4161 0.012737322758952174 0.15773809523809523
1 5 1024 3 0.02459016393442623 0.029319875030040854 0.024629501433489485 0.026747542660868928 0.029264145207665706 137 4161 0.03292477769766883 0.23867595818815332
2 5 1024 134 0.2851063829787234 0.11295361691900985 0.280868052357396 0.16180373397184747 0.11363296134394933 137 4161 0.03292477769766883 0.23867595818815332
12 5 1024 137 0.23867595818815332 0.13794760874789713 0.23696280441082143 0.1748418345963961 0.1385264431733845 137 4161 0.03292477769766883 0.23867595818815332
1 7 2 9 0.059602649006622516 0.03628935352078827 0.059225932224086744 0.045112033195020745 0.03643043861495378 220 4161 0.05287190579187695 0.3170028818443804
2 7 2 221 0.3836805555555556 0.1384282624369142 0.3770662448605356 0.20345273171445077 0.13930992820924365 220 4161 0.05287190579187695 0.3170028818443804
12 7 2 220 0.3170028818443804 0.16678683008892092 0.31420105780433266 0.2185739154335975 0.16757303525802872 220 4161 0.05287190579187695 0.3170028818443804
1 7 4 0 0.0 0.0021629416005767843 0 0 0 36 4161 0.008651766402307137 0.20224719101123595
2 7 4 36 0.21176470588235294 0.04085556356645037 0.2033425927266172 0.06849621703899358 0.04118466202485259 36 4161 0.008651766402307137 0.20224719101123595
12 7 4 36 0.20224719101123595 0.04277817832251862 0.19504815267090914 0.07061935199471016 0.043114766198547705 36 4161 0.008651766402307137 0.20224719101123595
1 7 8 6 0.03125 0.046142754145638065 0.03135018211623429 0.03726346433770014 0.04592605223520049 108 4161 0.02595529920692141 0.18652849740932642
2 7 8 104 0.24880382775119617 0.1004566210045662 0.24521846906118153 0.14312523458025772 0.10105317658418154 108 4161 0.02595529920692141 0.18652849740932642
12 7 8 108 0.18652849740932642 0.1391492429704398 0.18590178317869507 0.15939252818848143 0.13950007245874074 108 4161 0.02595529920692141 0.18652849740932642
1 7 16 2 0.017699115044247787 0.02715693342946407 0.017760355798453496 0.021430942108008156 0.027014008797955895 185 4161 0.044460466234078344 0.2765321375186846
2 7 16 186 0.32124352331606215 0.1391492429704398 0.31713450964524337 0.19418547098009623 0.13993459731893698 185 4161 0.044460466234078344 0.2765321375186846
12 7 16 185 0.2765321375186846 0.16077865897620763 0.2745748929427731 0.20333578128157484 0.16144777144222794 185 4161 0.044460466234078344 0.2765321375186846
1 7 32 18 0.06818181818181818 0.06344628695025234 0.06813146941059534 0.06572886841777667 0.06348994694884422 129 4161 0.031002162941600575 0.22279792746113988
2 7 32 115 0.3333333333333333 0.0829127613554434 0.3236548053612729 0.13279445727482678 0.0835341076629868 129 4161 0.031002162941600575 0.22279792746113988
12 7 32 129 0.22279792746113988 0.1391492429704398 0.22147969859488903 0.17130766849004025 0.13966843121438197 129 4161 0.031002162941600575 0.22279792746113988
1 7 64 3 0.07142857142857142 0.010093727469358327 0.0673750416924763 0.017687934301958308 0.01018027876972699 162 4161 0.03893294881038212 0.30623818525519847
