1 8 4 84 0.9882352941176471 0.020427781783225185 0.6726901636530525 0.04002814303614025 0.02062779563567973 71 4161 0.017063205960105743 0.31981981981981983
21 8 4 3303 0.9850879809126155 0.8058159096371065 0.9829228962847775 0.8864792483844807 0.8072704819439183 71 4161 0.017063205960105743 0.31981981981981983
22 8 4 56 0.7671232876712328 0.017543859649122806 0.5390773922988945 0.03430321592649311 0.01771524682638369 71 4161 0.017063205960105743 0.31981981981981983
12 8 4 71 0.31981981981981983 0.05335255948089401 0.3047499048112391 0.09144945824811801 0.05379634165331189 71 4161 0.017063205960105743 0.31981981981981983
1 8 512 409 0.9808153477218226 0.10021629416005767 0.9023141522629625 0.18185162320110804 0.10111514117419558 63 4161 0.01514059120403749 0.27155172413793105
21 8 512 3129 0.9818010668340131 0.7659216534486902 0.979068827551 0.8605286041547349 0.7675927333295594 63 4161 0.01514059120403749 0.27155172413793105
22 8 512 0 0.0 0.004085556356645037 0 0 0 63 4161 0.01514059120403749 0.27155172413793105
12 8 512 63 0.27155172413793105 0.05575582792597933 0.26152976423423474 0.09251599059395442 0.05619799876077941 63 4161 0.01514059120403749 0.27155172413793105
1 8 8 1782 0.9780461031833151 0.43787551069454456 0.9662443675558322 0.6049239346538375 0.4402830991431902 34 4161 0.008171112713290074 0.2
21 8 8 1391 0.9626297577854671 0.34727229031482815 0.9460322864040209 0.5104116619959228 0.34948423574880055 34 4161 0.008171112713290074 0.2
22 8 8 104 0.859504132231405 0.029079548185532322 0.6700519389048335 0.05625579757926617 0.02936041017864082 34 4161 0.008171112713290074 0.2
12 8 8 34 0.2 0.04085556356645037 0.19257298594677044 0.06785072839752544 0.04117999760163089 34 4161 0.008171112713290074 0.2
1 8 64 133 0.9708029197080292 0.03292477769766883 0.7572362078464789 0.06368952536081177 0.03324275119671545 48 4161 0.011535688536409516 0.3076923076923077
21 8 64 3003 0.985236220472441 0.7325162220620043 0.9818822410429688 0.8402858248820665 0.7343813107275824 48 4161 0.011535688536409516 0.3076923076923077
22 8 64 116 0.8529411764705882 0.032684450853160296 0.6831850089783542 0.06295643012778049 0.03299865037753311 48 4161 0.011535688536409516 0.3076923076923077
12 8 64 48 0.3076923076923077 0.03749098774333093 0.2871985563515066 0.06683804627249357 0.03781981579762222 48 4161 0.011535688536409516 0.3076923076923077
1 8 256 94 0.9791666666666666 0.023071377072819033 0.6942945029229074 0.04508055451479955 0.02329660163829535 97 4161 0.023311703917327564 0.31493506493506496
21 8 256 3597 0.9873730441943454 0.8755106945445806 0.9861255649572207 0.9280833169786312 0.8764938680782589 97 4161 0.023311703917327564 0.31493506493506496
22 8 256 0 0.0 0.004085556356645037 0 0 0 97 4161 0.023311703917327564 0.31493506493506496
12 8 256 97 0.31493506493506496 0.07402066810862773 0.30510321670832313 0.11986815946846519 0.07458557281335113 97 4161 0.023311703917327564 0.31493506493506496
1 8 32 265 0.9671532846715328 0.06584955539533766 0.8517287214737292 0.12330385033721336 0.066462799117533 61 4161 0.014659937515020427 0.27601809954751133
21 8 32 3153 0.9834684965689332 0.7704878634943523 0.9807842252580308 0.8640471997924273 0.7721434668130911 61 4161 0.014659937515020427 0.27601809954751133
22 8 32 0 0.0 0.004085556356645037 0 0 0 61 4161 0.014659937515020427 0.27601809954751133
12 8 32 61 0.27601809954751133 0.05311223263638548 0.2650062155490519 0.08908287132180452 0.05354033104791522 61 4161 0.014659937515020427 0.27601809954751133
1 8 2 0 0 0.0 0 0 0 53 4161 0.012737322758952174 0.35333333333333333
21 8 2 3185 0.9860681114551083 0.776255707762557 0.9834363215115798 0.8686723647637803 0.7778944987667246 53 4161 0.012737322758952174 0.35333333333333333
22 8 2 60 0.7792207792207793 0.018505167027156932 0.553812191416635 0.036151790570016704 0.018685781142498036 53 4161 0.012737322758952174 0.35333333333333333
12 8 2 53 0.35333333333333333 0.03604902667627974 0.32501083774230094 0.06542321413141425 0.036372407794960995 53 4161 0.012737322758952174 0.35333333333333333
1 8 128 150 0.9803921568627451 0.03677000720980533 0.7817574745788435 0.07088157218106768 0.037123783855543144 56 4161 0.013458303292477769 0.27053140096618356
21 8 128 3232 0.9847653869591713 0.7887527036770007 0.9823483268604972 0.8759271930211368 0.7903102020907355 56 4161 0.013458303292477769 0.27053140096618356
22 8 128 0 0.0 0.004085556356645037 0 0 0 56 4161 0.013458303292477769 0.27053140096618356
12 8 128 56 0.27053140096618356 0.04974765681326604 0.2591442603182529 0.08404110706323745 0.05015290787116028 56 4161 0.013458303292477769 0.27053140096618356
1 8 1024 568 0.9759450171821306 0.13987022350396539 0.9214128506113614 0.24467428424245385 0.14106675207354102 93 4161 0.022350396539293438 0.28703703703703703
21 8 1024 3093 0.975094577553594 0.7623167507810622 0.9724072678003834 0.8556763938881254 0.7639673173080089 93 4161 0.022350396539293438 0.28703703703703703
22 8 1024 0 0.0 0.004085556356645037 0 0 0 93 4161 0.022350396539293438 0.28703703703703703
12 8 1024 93 0.28703703703703703 0.07786589762076424 0.27960049512277607 0.12250050310093119 0.07843179095989111 93 4161 0.022350396539293438 0.28703703703703703
1 8 16 112 0.9572649572649573 0.028118240807498196 0.721282314548986 0.05463175470742369 0.028391083755074258 102 4161 0.024513338139870222 0.3493150684931507
21 8 16 3386 0.9851614780331684 0.8260033645758231 0.9832855970948818 0.8985893236903626 0.8273267216369473 102 4161 0.024513338139870222 0.3493150684931507
22 8 16 38 0.6666666666666666 0.0136986301369863 0.452914798206278 0.02684563758389262 0.013832774087516264 102 4161 0.024513338139870222 0.3493150684931507
12 8 16 102 0.3493150684931507 0.07017543859649122 0.33607907742998355 0.1168719564594672 0.07073509015256588 102 4161 0.024513338139870222 0.3493150684931507
1 3 4 695 0.983026874115983 0.16991107906753183 0.9385566012463502 0.28974179655068305 0.1713140823827803 66 4161 0.015861571737563085 0.36666666666666664
21 3 4 2432 0.9743589743589743 0.5998558038932948 0.9683730674030615 0.7425605373793361 0.6021472934056038 66 4161 0.015861571737563085 0.36666666666666664
22 3 4 77 0.8191489361702128 0.02259072338380197 0.6071759315014904 0.04396886095865238 0.022810339916930992 66 4161 0.015861571737563085 0.36666666666666664
12 3 4 66 0.36666666666666664 0.043258832011535686 0.34139621114735963 0.07738758281057631 0.04363993453355155 66 4161 0.015861571737563085 0.36666666666666664
1 3 512 501 0.9728155339805825 0.12376832492189377 0.9109437668421553 0.2195978868762144 0.12484716896230116 42 4161 0.010093727469358327 0.2781456953642384
21 3 512 2579 0.9802356518434056 0.6322999279019467 0.9749240525946156 0.768730860605731 0.6345298990538129 42 4161 0.010093727469358327 0.2781456953642384
22 3 512 76 0.8172043010752689 0.022350396539293438 0.6043910269435526 0.04351078073779953 0.022567728269969042 42 4161 0.010093727469358327 0.2781456953642384
12 3 512 42 0.2781456953642384 0.03628935352078827 0.26092790551974004 0.06420230508749109 0.03660448959343451 42 4161 0.010093727469358327 0.2781456953642384
1 3 8 3626 0.983989145183175 0.885604422013939 0.9829080115136152 0.9322081049886924 0.8864820003799043 49 4161 0.011776015380918048 0.11475409836065574
21 3 8 193 0.7018181818181818 0.06608988223984619 0.6407899375213151 0.12080373461644386 0.06668798130946342 49 4161 0.011776015380918048 0.11475409836065574
22 3 8 0 0.0 0.004806536890170632 0 0 0 49 4161 0.011776015380918048 0.11475409836065574
12 3 8 49 0.11475409836065574 0.10261956260514299 0.11461990480012545 0.10834813499111899 0.1027271146512442 49 4161 0.011776015380918048 0.11475409836065574
1 3 64 2999 0.9832786885245902 0.7329968757510213 0.9799657247994724 0.8398886771837122 0.7348488259179385 104 4161 0.024993991828887285 0.28184281842818426
21 3 64 751 0.8682080924855491 0.20788272049987983 0.8417356543118538 0.33544652188820634 0.2094600191083926 104 4161 0.024993991828887285 0.28184281842818426
22 3 64 26 0.6046511627906976 0.010334054313866858 0.38527258210900556 0.020320807015949474 0.010435611313356775 104 4161 0.024993991828887285 0.28184281842818426
12 3 64 104 0.28184281842818426 0.08868060562364816 0.2758928777342819 0.13491180425554353 0.08928647570345842 104 4161 0.024993991828887285 0.28184281842818426
1 3 256 1411 0.978502080443828 0.34655130978130255 0.961148667649379 0.5118302101682466 0.34878156023692636 52 4161 0.012496995914443643 0.2708333333333333
21 3 256 1908 0.972972972972973 0.47128094208123045 0.9628249073390898 0.6349903082036221 0.47369928442813874 52 4161 0.012496995914443643 0.2708333333333333
22 3 256 24 0.5853658536585366 0.009853400624849795 0.37088564135480884 0.019380570190555915 0.009950259714553777 52 4161 0.012496995914443643 0.2708333333333333
12 3 256 52 0.2708333333333333 0.046142754145638065 0.25837635403759174 0.07885134814955219 0.046524915678019585 52 4161 0.012496995914443643 0.2708333333333333
1 3 32 917 0.9807486631016042 0.22470559961547704 0.9491304606537505 0.36563762430536334 0.22643385851442427 58 4161 0.013938956981494832 0.2636363636363636
21 3 32 2534 0.9753656658968437 0.6243691420331651 0.969966869970694 0.7613614718712345 0.6266017144595359 58 4161 0.013938956981494832 0.2636363636363636
22 3 32 33 0.66 0.01201634222542658 0.4302721571442218 0.023602955376109517 0.012134296407403633 58 4161 0.013938956981494832 0.2636363636363636
12 3 32 58 0.2636363636363636 0.05287190579187695 0.25362611186266293 0.08807957534048001 0.05329374498598141 58 4161 0.013938956981494832 0.2636363636363636
1 3 2 2305 0.9680806383872322 0.5722182167748138 0.9614948437634876 0.7192803847586929 0.5745443518424255 110 4161 0.026435952895938475 0.2842377260981912
21 3 2 1471 0.9234149403640929 0.3828406633020908 0.9106833302825694 0.5412735260692408 0.3850725888852151 110 4161 0.026435952895938475 0.2842377260981912
22 3 2 28 0.6086956521739131 0.011055034847392453 0.39647920806563686 0.02171567305098462 0.011163557688049924 110 4161 0.026435952895938475 0.2842377260981912
12 3 2 110 0.2842377260981912 0.09300648882480173 0.278566805380894 0.14015299294296593 0.09363018289175427 110 4161 0.026435952895938475 0.2842377260981912
1 3 128 1899 0.9688775510204082 0.4710406152367219 0.9588439845184689 0.6338980761774824 0.47344924626786256 102 4161 0.024513338139870222 0.3081570996978852
21 3 128 1718 0.9470782800441014 0.4359528959384763 0.9362105203633375 0.5970675513837562 0.4382948944304418 102 4161 0.024513338139870222 0.3081570996978852
22 3 128 27 0.6136363636363636 0.01057438115837539 0.39218557462567044 0.020790493774227137 0.010678284853224753 102 4161 0.024513338139870222 0.3081570996978852
12 3 128 102 0.3081570996978852 0.07954818553232396 0.2996314228820084 0.1264534638743181 0.08013680091876808 102 4161 0.024513338139870222 0.3081570996978852
1 3 1024 224 0.9781659388646288 0.055034847392453734 0.838853372416924 0.10420668254605106 0.05555393938468526 81 4161 0.01946647440519106 0.36160714285714285
21 3 1024 3148 0.984057517974367 0.7688055755827926 0.9813371514515046 0.8632150557492322 0.7704742182049445 81 4161 0.01946647440519106 0.36160714285714285
22 3 1024 0 0.0 0.004085556356645037 0 0 0 81 4161 0.01946647440519106 0.36160714285714285
12 3 1024 81 0.36160714285714285 0.053833213169911076 0.3422347081718457 0.09371489371592673 0.05429072156665425 81 4161 0.01946647440519106 0.36160714285714285
1 3 16 3217 0.9801950030469226 0.7887527036770007 0.9778451227432641 0.8741145437428214 0.7902809224910038 51 4161 0.012256669069935111 0.14127423822714683
21 3 16 545 0.8678343949044586 0.15092525835135784 0.8288529184368395 0.25713254316376105 0.15216987199708212 51 4161 0.012256669069935111 0.14127423822714683
22 3 16 27 0.6 0.010814708002883922 0.3897607409313094 0.021246458923512748 0.010920886646242566 51 4161 0.012256669069935111 0.14127423822714683
12 3 16 51 0.14127423822714683 0.0867579908675799 0.1404007350778761 0.10749944530729977 0.08709073742679703 51 4161 0.012256669069935111 0.14127423822714683
1 5 4 2283 0.969838572642311 0.5657293919730834 0.9630276280518578 0.7146100969231918 0.5680729840774401 123 4161 0.029560201874549386 0.26973684210526316
21 5 4 1570 0.9054209919261822 0.4167267483777938 0.895028934270248 0.5707579181607136 0.41896569507656684 123 4161 0.029560201874549386 0.26973684210526316
22 5 4 0 0.0 0.004325883201153569 0 0 0 123 4161 0.029560201874549386 0.26973684210526316
12 5 4 123 0.26973684210526316 0.1095890410958904 0.2658897369836187 0.15585649798051793 0.11023705892531512 123 4161 0.029560201874549386 0.26973684210526316
1 5 512 515 0.9735349716446124 0.1271329007450132 0.9133309423452671 0.22489677045480436 0.12823676671713582 93 4161 0.022350396539293438 0.35361216730038025
21 5 512 2932 0.9802741558007355 0.718817591925018 0.9767565609621913 0.8294293807761448 0.7207208501213157 93 4161 0.022350396539293438 0.35361216730038025
22 5 512 21 0.5526315789473685 0.0091324200913242 0.3477334207721945 0.017967914438502673 0.009222220289754248 93 4161 0.022350396539293438 0.35361216730038025
12 5 512 93 0.35361216730038025 0.06320596010574381 0.3382258974108668 0.10724291996790472 0.06372411683922 93 4161 0.022350396539293438 0.35361216730038025
1 5 8 957 0.9705882352941176 0.23696226868541215 0.9417215685072096 0.3809245069861915 0.23874900252992698 115 4161 0.027637587118481133 0.3758169934640523
21 5 8 2588 0.9711069418386492 0.6404710406152367 0.9661685897378427 0.7718718924678247 0.6426373853256555 115 4161 0.027637587118481133 0.3758169934640523
22 5 8 122 0.8776978417266187 0.03340543138668589 0.7020242304309227 0.06436125496476981 0.03372664924119775 115 4161 0.027637587118481133 0.3758169934640523
12 5 8 115 0.3758169934640523 0.07354001441961067 0.3611205518326091 0.12300948525826223 0.07413035599690446 115 4161 0.027637587118481133 0.3758169934640523
1 5 64 326 0.9731343283582089 0.08050949291035808 0.8768759262471554 0.1487154382312109 0.08124737014525361 66 4161 0.015861571737563085 0.35106382978723405
21 5 64 2864 0.9814941740918437 0.7012737322758952 0.9776263761483022 0.8180523054520624 0.7032616924289613 66 4161 0.015861571737563085 0.35106382978723405
22 5 64 67 0.7976190476190477 0.020187454938716654 0.577443627353876 0.03937826009382773 0.020384170326958318 66 4161 0.015861571737563085 0.35106382978723405
12 5 64 66 0.35106382978723405 0.04518144676760394 0.32901009339395426 0.08005936058328225 0.045574607323369334 66 4161 0.015861571737563085 0.35106382978723405
1 5 256 103 0.9537037037037037 0.02595529920692141 0.7044112695871994 0.05053526770199456 0.026207719698574973 107 4161 0.02571497236241288 0.3862815884476534
21 5 256 3310 0.985412325096755 0.8072578707041577 0.9832638363164155 0.8874826582006532 0.8087054677935427 107 4161 0.02571497236241288 0.3862815884476534
22 5 256 58 0.7733333333333333 0.01802451333813987 0.5465653527203242 0.035227949125982434 0.018200516375182923 107 4161 0.02571497236241288 0.3862815884476534
12 5 256 107 0.3862815884476534 0.06657053592886325 0.3687474955737943 0.11356895983569495 0.06712056784404123 107 4161 0.02571497236241288 0.3862815884476534
1 5 32 668 0.9766081871345029 0.1643835616438356 0.9310597034835849 0.2814013901565681 0.1657484080605854 149 4161 0.03580869983177121 0.3973333333333333
21 5 32 3083 0.9777989216619093 0.7577505407354002 0.9749955982519399 0.8538248867841101 0.75944270400473 149 4161 0.03580869983177121 0.3973333333333333
22 5 32 13 0.41935483870967744 0.007450132179764479 0.27100464069563823 0.014640171468013222 0.007523296935212552 149 4161 0.03580869983177121 0.3973333333333333
12 5 32 149 0.3973333333333333 0.09012256669069935 0.38436092136694266 0.14692077716160892 0.09081780074759178 149 4161 0.03580869983177121 0.3973333333333333
1 5 2 633 0.9576399394856279 0.15885604422013938 0.9122242615612097 0.2725077291706422 0.1601788953426631 96 4161 0.023071377072819033 0.366412213740458
21 5 2 2827 0.9805757891085675 0.6928622927180966 0.9765607369297232 0.8119858114905646 0.694880975676121 96 4161 0.023071377072819033 0.366412213740458
22 5 2 0 0.0 0.004085556356645037 0 0 0 96 4161 0.023071377072819033 0.366412213740458
12 5 2 96 0.366412213740458 0.06296563326123528 0.3497249945483501 0.1074642170476394 0.06348619256682694 96 4161 0.023071377072819033 0.366412213740458
1 5 128 1085 0.9748427672955975 0.26748377793799566 0.949969618335968 0.4197843590997686 0.26941936512179127 83 4161 0.019947128094208122 0.3333333333333333
21 5 128 2433 0.97436924309171 0.6000961307378034 0.9683893087656934 0.7427476302855442 0.6023871004710221 83 4161 0.019947128094208122 0.3333333333333333
22 5 128 67 0.7976190476190477 0.020187454938716654 0.577443627353876 0.03937826009382773 0.020384170326958318 83 4161 0.019947128094208122 0.3333333333333333
12 5 128 83 0.3333333333333333 0.059841384282624366 0.31890287975044707 0.10146699266503667 0.06033148853176345 83 4161 0.019947128094208122 0.3333333333333333
1 5 1024 26 0.9629629629629629 0.006488824801730353 0.3915377224081375 0.012890786393058807 0.006553271464431851 101 4161 0.02427301129536169 0.38257575757575757
21 5 1024 3498 0.9870203160270881 0.851718336938236 0.9854703209198632 0.9143912874568774 0.8528758943048231 101 4161 0.02427301129536169 0.38257575757575757
22 5 1024 0 0.0 0.004085556356645037 0 0 0 101 4161 0.02427301129536169 0.38257575757575757
12 5 1024 101 0.38257575757575757 0.06344628695025234 0.3644268816422934 0.10884220451998848 0.06397465438116433 101 4161 0.02427301129536169 0.38257575757575757
1 5 16 2576 0.9746500189178964 0.635183850036049 0.9695198415614248 0.7691252661446998 0.6373818420834324 86 4161 0.020668108627733717 0.23756906077348067
21 5 16 1257 0.9030172413793104 0.334534967555876 0.8880754083770914 0.4882070289497506 0.3366332138968715 86 4161 0.020668108627733717 0.23756906077348067
22 5 16 16 0.48484848484848486 0.007930785868781542 0.30390480749504206 0.015606295721569496 0.008008783711027801 86 4161 0.020668108627733717 0.23756906077348067
12 5 16 86 0.23756906077348067 0.08699831771208844 0.2335666723071321 0.12735789236842643 0.08754769926998941 86 4161 0.020668108627733717 0.23756906077348067
1 7 4 820 0.9750297265160524 0.20211487623167507 0.9394592293619164 0.33482379656160105 0.203713744757926 144 4161 0.03460706560922855 0.35207823960880197
21 7 4 3048 0.9750479846449136 0.7512617159336697 0.9721807198164647 0.84864983590893 0.7529727763601278 144 4161 0.03460706560922855 0.35207823960880197
22 7 4 0 0.0 0.0045662100456621 0 0 0 144 4161 0.03460706560922855 0.35207823960880197
12 7 4 144 0.35207823960880197 0.09829367940398942 0.34330227403209873 0.15368216422145825 0.09900022602722934 144 4161 0.03460706560922855 0.35207823960880197
1 7 512 316 0.9604863221884499 0.07906753184330689 0.8650123371197043 0.14610745286578683 0.07979252171046955 92 4161 0.022110069694784906 0.3382352941176471
21 7 512 3085 0.9815462933503023 0.7553472722903148 0.9786446255029266 0.8537176139925038 0.7570746896794699 92 4161 0.022110069694784906 0.3382352941176471
22 7 512 19 0.5135135135135135 0.008892093246815669 0.3287799999073898 0.017481474113492816 0.008979459279809502 92 4161 0.022110069694784906 0.3382352941176471
12 7 512 92 0.3382352941176471 0.06536890170632059 0.32481109626623716 0.10956313102566571 0.06589523856801208 92 4161 0.022110069694784906 0.3382352941176471
1 7 8 1385 0.9726123595505618 0.342225426580149 0.9551917196357727 0.5063022726534674 0.3444357420135619 92 4161 0.022110069694784906 0.2996742671009772
21 7 8 2382 0.9675060926076361 0.5916846911800048 0.9614596371483184 0.7343021130854633 0.5939690812515221 92 4161 0.022110069694784906 0.2996742671009772
22 7 8 27 0.6 0.010814708002883922 0.3897607409313094 0.021246458923512748 0.010920886646242566 92 4161 0.022110069694784906 0.2996742671009772
12 7 8 92 0.2996742671009772 0.0737803412641192 0.2908572356121387 0.11840833771781804 0.07433513025476261 92 4161 0.022110069694784906 0.2996742671009772
1 7 64 124 0.9763779527559056 0.030521509252583512 0.7471346220331594 0.05919265992974912 0.030817090943170023 85 4161 0.020427781783225185 0.34552845528455284
21 7 64 3328 0.9863663307646711 0.8108627733717856 0.9842570920195155 0.8900453889641294 0.8122937727153899 85 4161 0.020427781783225185 0.34552845528455284
22 7 64 0 0.0 0.0045662100456621 0 0 0 85 4161 0.020427781783225185 0.34552845528455284
12 7 64 85 0.34552845528455284 0.05912040374909877 0.3297136661366356 0.10096547328470959 0.05960961489870336 85 4161 0.020427781783225185 0.34552845528455284
1 7 256 57 0.9661016949152542 0.014179283826003364 0.5803457166435723 0.027948374872225314 0.014318975096560325 97 4161 0.023311703917327564 0.375968992248062
21 7 256 3520 0.9887640449438202 0.8555635664503725 0.9872422509610558 0.9173538230884558 0.8567062439553752 97 4161 0.023311703917327564 0.375968992248062
22 7 256 20 0.5263157894736842 0.0091324200913242 0.337228714524207 0.017953321364452424 0.009222144102849734 97 4161 0.023311703917327564 0.375968992248062
12 7 256 97 0.375968992248062 0.06200432588320115 0.3580198177993056 0.10645262143727628 0.0625212598789797 97 4161 0.023311703917327564 0.375968992248062
1 7 32 1 0.5 0.0004806536890170632 0.0442885332163999 0.0009603841536614645 0.0004854555591871262 51 4161 0.012256669069935111 0.375
21 7 32 2724 0.9837486457204767 0.665465032444124 0.979112041165454 0.7938938818040805 0.6676036220053787 51 4161 0.012256669069935111 0.375
22 7 32 250 0.9363295880149812 0.06416726748377793 0.8252694588788307 0.12010374804662724 0.06476455659240647 51 4161 0.012256669069935111 0.375
12 7 32 51 0.375 0.032684450853160296 0.3397673210590107 0.06012821457519711 0.03298254825562595 51 4161 0.012256669069935111 0.375
1 7 2 0 0 0.0 0 0 0 119 4161 0.02859889449651526 0.3851132686084142
21 7 2 3536 0.9855072463768116 0.8622927180966113 0.9841149501193044 0.9197919022845509 0.8633614613389523 119 4161 0.02859889449651526 0.3851132686084142
22 7 2 47 0.7230769230769231 0.015621244893054553 0.49922581208833344 0.030581805077280373 0.01577404954009077 119 4161 0.02859889449651526 0.3851132686084142
12 7 2 119 0.3851132686084142 0.07426099495313626 0.36978743652832213 0.12451239333604226 0.07485925457305856 119 4161 0.02859889449651526 0.3851132686084142
1 7 128 145 0.9602649006622517 0.03628935352078827 0.766928101628434 0.06993576577986603 0.036638401044473475 106 4161 0.02547464551790435 0.37992831541218636
21 7 128 3403 0.9863768115942029 0.829127613554434 0.9845280802963986 0.9009421740137883 0.8304383990708533 106 4161 0.02547464551790435 0.37992831541218636
22 7 128 25 0.5813953488372093 0.010334054313866858 0.3757895647659426 0.020307157564652317 0.01043553998428926 106 4161 0.02547464551790435 0.37992831541218636
12 7 128 106 0.37992831541218636 0.06705118961788031 0.3631506038905476 0.11398574311003706 0.06760239424552186 106 4161 0.02547464551790435 0.37992831541218636
1 7 1024 233 0.9628099173553719 0.058159096371064645 0.8343185739402186 0.10969217286253852 0.058705226099482005 84 4161 0.020187454938716654 0.36681222707423583
21 7 1024 3049 0.9835483870967742 0.7450132179764479 0.9804403353735617 0.8478223127899142 0.7468064785160965 84 4161 0.020187454938716654 0.36681222707423583
22 7 1024 19 0.5135135135135135 0.008892093246815669 0.3287799999073898 0.017481474113492816 0.008979459279809502 84 4161 0.020187454938716654 0.36681222707423583
12 7 1024 84 0.36681222707423583 0.055034847392453734 0.34733046053864186 0.0957098254823181 0.0555019232911242 84 4161 0.020187454938716654 0.36681222707423583
1 7 16 106 0.9636363636363636 0.026435952895938475 0.7132725160593216 0.05146017132794605 0.02669298959398169 42 4161 0.010093727469358327 0.6461538461538462
21 7 16 991 0.9792490118577075 0.24321076664263397 0.9507606542949188 0.38964701677158414 0.24503429591641518 42 4161 0.010093727469358327 0.6461538461538462
22 7 16 536 0.969258589511754 0.13290074501321797 0.9124083133086646 0.2337505742072982 0.13404595417290055 42 4161 0.010093727469358327 0.6461538461538462
12 7 16 42 0.6461538461538462 0.015621244893054553 0.46165669337744575 0.030505008743651772 0.015773643947444068 42 4161 0.010093727469358327 0.6461538461538462
1 4 4 856 0.9694224235560589 0.2122086037010334 0.9363421756286305 0.3481963051983126 0.21386254014787584 67 4161 0.016101898582071617 0.2875536480686695
21 4 4 2523 0.9703846153846154 0.6248497957221821 0.9651005597752454 0.7601950214631269 0.6270605272500348 67 4161 0.016101898582071617 0.2875536480686695
22 4 4 18 0.5142857142857142 0.008411439557798606 0.32234369142544506 0.016552159005819533 0.008494164683738207 67 4161 0.016101898582071617 0.2875536480686695
12 4 4 67 0.2875536480686695 0.05599615477048786 0.2762434239999495 0.09373836601856633 0.05644619700383658 67 4161 0.016101898582071617 0.2875536480686695
1 4 512 749 0.9752604166666666 0.18457101658255226 0.9355777434637461 0.31039822059765065 0.18606459381400067 83 4161 0.019947128094208122 0.3547008547008547
21 4 512 2767 0.9749823819591261 0.6820475847152127 0.970853915115336 0.8026220311389194 0.6840825703475185 83 4161 0.019947128094208122 0.3547008547008547
22 4 512 18 0.5142857142857142 0.008411439557798606 0.32234369142544506 0.016552159005819533 0.008494164683738207 83 4161 0.019947128094208122 0.3547008547008547
12 4 512 83 0.3547008547008547 0.05623648161499639 0.33699269347700717 0.09708111836728572 0.05670893655284765 83 4161 0.019947128094208122 0.3547008547008547
1 4 8 1502 0.9778645833333334 0.3691420331651045 0.9621555377235973 0.535960129713636 0.371431307327389 83 4161 0.019947128094208122 0.31086142322097376
21 4 8 1955 0.9536585365853658 0.49267003124248976 0.9449046570296369 0.6496988187404734 0.49503930642624605 83 4161 0.019947128094208122 0.31086142322097376
22 4 8 0 0.0 0.004085556356645037 0 0 0 83 4161 0.019947128094208122 0.31086142322097376
12 4 8 83 0.31086142322097376 0.06416726748377793 0.2994624352929513 0.1063765444543648 0.06467543867329215 83 4161 0.019947128094208122 0.31086142322097376
1 4 64 517 0.9718045112781954 0.1278538812785388 0.9121880581948225 0.22597741162512977 0.1289627523419371 69 4161 0.01658255227108868 0.31221719457013575
21 4 64 2621 0.977255779269202 0.6445565969718817 0.9722868397638978 0.7767811723286868 0.6467365619967826 69 4161 0.01658255227108868 0.31221719457013575
22 4 64 40 0.7017543859649122 0.0136986301369863 0.46867749419953597 0.02687269062814914 0.01383291617732155 69 4161 0.01658255227108868 0.31221719457013575
12 4 64 69 0.31221719457013575 0.05311223263638548 0.2978315129015285 0.09078136627474326 0.053552255564471185 69 4161 0.01658255227108868 0.31221719457013575
1 4 256 78 0.975 0.019226147560682527 0.6533977220654433 0.03770871228373389 0.019414580650726074 69 4161 0.01658255227108868 0.3556701030927835
21 4 256 3029 0.9828033744321869 0.7406873347752944 0.9796328536039686 0.844739119424761 0.7424983873726785 69 4161 0.01658255227108868 0.3556701030927835
22 4 256 103 0.8583333333333333 0.02883922134102379 0.6680784316243914 0.05580349584521302 0.029117830227627373 69 4161 0.01658255227108868 0.3556701030927835
12 4 256 69 0.3556701030927835 0.04662340783465513 0.33376527417792784 0.08244006836132965 0.047027994747280345 69 4161 0.01658255227108868 0.3556701030927835
1 4 32 2615 0.9764749813293503 0.6435952895938476 0.9714999496291061 0.7758363444712617 0.6457749357259897 62 4161 0.014900264359528959 0.2246376811594203
21 4 32 783 0.9094076655052264 0.2069214131218457 0.8798335648937707 0.3371334185464562 0.20851618147296194 62 4161 0.014900264359528959 0.2246376811594203
22 4 32 58 0.7631578947368421 0.0182648401826484 0.5436406663263885 0.03567584191911425 0.018443074559387453 62 4161 0.014900264359528959 0.2246376811594203
12 4 32 62 0.2246376811594203 0.06633020908435472 0.21945197193045543 0.102418616343167 0.06679627752182313 62 4161 0.014900264359528959 0.2246376811594203
1 4 2 0 0 0.0 0 0 0 82 4161 0.01970680124969959 0.354978354978355
21 4 2 3517 0.9859826184468741 0.8572458543619322 0.9845187575289885 0.9171185499847466 0.8583554867982748 82 4161 0.01970680124969959 0.354978354978355
22 4 2 18 0.5142857142857142 0.008411439557798606 0.32234369142544506 0.016552159005819533 0.008494164683738207 82 4161 0.01970680124969959 0.354978354978355
12 4 2 82 0.354978354978355 0.0555155010814708 0.3369808405471472 0.09601508504345313 0.055983103428992945 82 4161 0.01970680124969959 0.354978354978355
1 4 128 3263 0.9834237492465341 0.7974044700793078 0.9811575574096603 0.8806986379946333 0.7989006667183811 91 4161 0.021869742850276375 0.22524752475247525
21 4 128 593 0.8328651685393258 0.1711127132900745 0.8021503681783371 0.2838983236042559 0.1724695006650725 91 4161 0.021869742850276375 0.22524752475247525
22 4 128 0 0.0 0.004325883201153569 0 0 0 91 4161 0.021869742850276375 0.22524752475247525
12 4 128 91 0.22524752475247525 0.09709204518144676 0.22234180791653968 0.13569381416473048 0.09764208333600677 91 4161 0.021869742850276375 0.22524752475247525
1 4 1024 0 0 0.0 0 0 0 61 4161 0.014659937515020427 0.4552238805970149
21 4 1024 2490 0.9822485207100592 0.6092285508291276 0.9763298113907615 0.7520232035105496 0.6115279035852931 61 4161 0.014659937515020427 0.4552238805970149
22 4 1024 156 0.9017341040462428 0.041576544099975965 0.7484283429836661 0.0794881046175143 0.041972956934845186 61 4161 0.014659937515020427 0.4552238805970149
12 4 1024 61 0.4552238805970149 0.03220379716414323 0.40283280009329464 0.06015225718143919 0.03250284172601824 61 4161 0.014659937515020427 0.4552238805970149
1 4 16 663 0.9721407624633431 0.16390290795481854 0.9268866768526153 0.28051157197241694 0.16526330314707463 66 4161 0.015861571737563085 0.3402061855670103
21 4 16 2555 0.9759358288770054 0.6291756789233357 0.9706392707817855 0.7650996017850216 0.6313968856574418 66 4161 0.015861571737563085 0.3402061855670103
22 4 16 6 0.2608695652173913 0.0055275174236962266 0.1789998202039401 0.010825652088644833 0.005581609920833085 66 4161 0.015861571737563085 0.3402061855670103
12 4 16 66 0.3402061855670103 0.04662340783465513 0.3202406205100953 0.08200805733646745 0.0470251964383142 66 4161 0.015861571737563085 0.3402061855670103
1 6 4 1810 0.981029810298103 0.4434030281182408 0.9693922906220898 0.6107575967485518 0.4458220447619757 77 4161 0.018505167027156932 0.30677290836653387
21 6 4 1553 0.9389359129383313 0.39750060081711125 0.9264417963680812 0.558541443129183 0.3997831161379885 77 4161 0.018505167027156932 0.30677290836653387
22 6 4 0 0.0 0.004085556356645037 0 0 0 77 4161 0.018505167027156932 0.30677290836653387
12 6 4 77 0.30677290836653387 0.06032203797164143 0.2948459911695451 0.10081951392547692 0.060805693576998394 77 4161 0.018505167027156932 0.30677290836653387
1 6 512 403 0.9710843373493976 0.09973564047104061 0.8937722993390842 0.18089262498458716 0.10062964476013644 104 4161 0.024993991828887285 0.3623693379790941
21 6 512 3127 0.9805581687049232 0.7664023071377073 0.9778528073905243 0.8603538009819005 0.7680631638535149 104 4161 0.024993991828887285 0.3623693379790941
22 6 512 0 0.0 0.004085556356645037 0 0 0 104 4161 0.024993991828887285 0.3623693379790941
12 6 512 104 0.3623693379790941 0.06897380437394857 0.3477245432453743 0.11588913500532892 0.06953119592467787 104 4161 0.024993991828887285 0.3623693379790941
1 6 8 200 0.970873786407767 0.04950732996875751 0.8198116553055675 0.09421062018942737 0.04997691876322234 89 4161 0.02138908916125931 0.3991031390134529
21 6 8 3202 0.9855340104647584 0.7808219178082192 0.982982391233936 0.8713153943652896 0.7824310680488576 89 4161 0.02138908916125931 0.3991031390134529
22 6 8 18 0.5142857142857142 0.008411439557798606 0.32234369142544506 0.016552159005819533 0.008494164683738207 89 4161 0.02138908916125931 0.3991031390134529
12 6 8 89 0.3991031390134529 0.053592886325402544 0.37515648309290134 0.09449647429640669 0.05405622670388337 89 4161 0.02138908916125931 0.3991031390134529
1 6 64 202 0.9665071770334929 0.0502283105022831 0.8186460833594759 0.09549390807314609 0.05070424317214775 84 4161 0.020187454938716654 0.3193916349809886
21 6 64 3274 0.9831831831831832 0.8002883922134102 0.9809635239593291 0.8823578685250015 0.8017650935419194 84 4161 0.020187454938716654 0.3193916349809886
22 6 64 57 0.7702702702702703 0.017784186493631338 0.5428523007172738 0.03476569422178996 0.017957882199246846 84 4161 0.020187454938716654 0.3193916349809886
12 6 64 84 0.3193916349809886 0.06320596010574381 0.30706878651727454 0.10552839431277809 0.06371193706369922 84 4161 0.020187454938716654 0.3193916349809886
1 6 256 295 0.9609120521172638 0.0737803412641192 0.8586862391039761 0.13703863985764264 0.07446097236905394 90 4161 0.021629416005767843 0.32142857142857145
21 6 256 3139 0.980018732438339 0.7697668829608267 0.9773755890979927 0.8622610201766783 0.7714054596879247 90 4161 0.021629416005767843 0.32142857142857145
22 6 256 1 0.05555555555555555 0.004325883201153569 0.049725116927873965 0.008026755852842809 0.004365742608495187 90 4161 0.021629416005767843 0.32142857142857145
12 6 256 90 0.32142857142857145 0.06729151646238885 0.30984272912864946 0.11128530106648413 0.0678224444006246 90 4161 0.021629416005767843 0.32142857142857145
1 6 32 1880 0.9735888140859659 0.4640711367459745 0.9631191358165109 0.6285414953857272 0.4664882836584615 59 4161 0.014179283826003364 0.24686192468619247
21 6 32 1544 0.9501538461538461 0.39053112232636383 0.936861739394551 0.553544876902452 0.39282186172890277 59 4161 0.014179283826003364 0.24686192468619247
22 6 32 20 0.5405405405405406 0.008892093246815669 0.3395420679629293 0.01749636477556183 0.008979537011995983 59 4161 0.014179283826003364 0.24686192468619247
12 6 32 59 0.24686192468619247 0.05743811583753905 0.2390562036820538 0.09319278302822022 0.057877830884120435 59 4161 0.014179283826003364 0.24686192468619247
1 6 2 0 0 0.0 0 0 0 147 4161 0.035328046142754144 0.36658354114713215
21 6 2 3668 0.9868173258003766 0.893294881038212 0.98579547743752 0.9377300593559458 0.8941338777555453 147 4161 0.035328046142754144 0.36658354114713215
22 6 2 0 0.0 0.004085556356645037 0 0 0 147 4161 0.035328046142754144 0.36658354114713215
12 6 2 147 0.36658354114713215 0.09637106464792117 0.3566816503010137 0.15261991435243918 0.0970795630495363 147 4161 0.035328046142754144 0.36658354114713215
1 6 128 443 0.9672489082969432 0.11006969478490747 0.8980080082479529 0.1976477372853659 0.11104402733893774 100 4161 0.02403268445085316 0.3367003367003367
21 6 128 3182 0.9830089589125733 0.7779379956741168 0.9804500002818887 0.8685327144401508 0.7795481528373989 100 4161 0.02403268445085316 0.3367003367003367
22 6 128 0 0.0 0.004085556356645037 0 0 0 100 4161 0.02403268445085316 0.3367003367003367
12 6 128 100 0.3367003367003367 0.07137707281903388 0.32474829490094187 0.11778492947776065 0.07193834152445251 100 4161 0.02403268445085316 0.3367003367003367
1 6 1024 208 0.9719626168224299 0.05142994472482576 0.8256454257488584 0.0976907308808231 0.051916773189865095 120 4161 0.02883922134102379 0.3498542274052478
21 6 1024 3430 0.9822451317296678 0.8392213410237923 0.9805905124578514 0.9051180342816415 0.8404329712739879 120 4161 0.02883922134102379 0.3498542274052478
22 6 1024 18 0.5142857142857142 0.008411439557798606 0.32234369142544506 0.016552159005819533 0.008494164683738207 120 4161 0.02883922134102379 0.3498542274052478
12 6 1024 120 0.3498542274052478 0.08243210766642634 0.33896652212696765 0.133426476857022 0.08306072236390707 120 4161 0.02883922134102379 0.3498542274052478
1 6 16 1792 0.9702219815917704 0.44388368180725785 0.9589635851915045 0.6090997533014824 0.4462807514131305 108 4161 0.02595529920692141 0.3050847457627119
21 6 16 1916 0.9485148514851485 0.4854602259072338 0.9396408582707986 0.6422234825945277 0.48781812191761675 108 4161 0.02595529920692141 0.3050847457627119
22 6 16 10 0.3448275862068966 0.006969478490747416 0.23299657942884416 0.01366281124119573 0.007037750841514608 108 4161 0.02595529920692141 0.3050847457627119
12 6 16 108 0.3050847457627119 0.08507570295602018 0.29746826666814574 0.13304936106239038 0.08568751243228648 108 4161 0.02595529920692141 0.3050847457627119
1 1 4 1374 0.9723991507430998 0.33958183129055514 0.9547827531954686 0.5033748032580123 0.3417840691686615 158 4161 0.03797164143234799 0.341991341991342
21 1 4 2493 0.9566385264773599 0.6262917567892333 0.9516685115309418 0.7569945811174609 0.628440403050147 158 4161 0.03797164143234799 0.341991341991342
22 1 4 0 0.0 0.004325883201153569 0 0 0 158 4161 0.03797164143234799 0.341991341991342
12 1 4 158 0.341991341991342 0.1110310021629416 0.33509000475323925 0.1676369473705967 0.11177841208768517 158 4161 0.03797164143234799 0.341991341991342
1 1 512 1050 0.9749303621169917 0.2588320115356885 0.9489365202208837 0.40906286676075276 0.26072813055527666 156 4161 0.03749098774333093 0.3880597014925373
21 1 512 2781 0.9723776223776224 0.6873347752944003 0.9684013525891109 0.8053792398197165 0.6893354867281923 156 4161 0.03749098774333093 0.3880597014925373
22 1 512 17 0.5 0.008171112713290074 0.31329258279354066 0.016079451406951998 0.00825147536571769 156 4161 0.03749098774333093 0.3880597014925373
12 1 512 156 0.3880597014925373 0.0966113914924297 0.37680513823241546 0.1547069271758437 0.09733517962324399 156 4161 0.03749098774333093 0.3880597014925373
1 1 8 3641 0.9803446418955304 0.8925739005046863 0.979391098720593 0.9344026673302931 0.8933658161882642 23 4161 0.0055275174236962266 0.056372549019607844
21 1 8 0 0.0 0.0019226147560682527 0 0 0 23 4161 0.0055275174236962266 0.056372549019607844
22 1 8 0 0.0 0.0031242489786109107 0 0 0 23 4161 0.0055275174236962266 0.056372549019607844
12 1 8 23 0.056372549019607844 0.09805335255948089 0.05661080928722037 0.07158795729439632 0.0973407592091171 23 4161 0.0055275174236962266 0.056372549019607844
1 1 64 1977 0.9743716116313454 0.4876231675078106 0.9648359171254337 0.6499697240685472 0.4900469647081354 152 4161 0.0365296803652968 0.3146997929606625
21 1 64 1937 0.9308024987986545 0.5001201634222543 0.9229332798767922 0.6506474599969105 0.5024218525462864 152 4161 0.0365296803652968 0.3146997929606625
22 1 64 17 0.4594594594594595 0.008892093246815669 0.3059618468770017 0.017446537042687154 0.008979276385855741 152 4161 0.0365296803652968 0.3146997929606625
12 1 64 152 0.3146997929606625 0.11607786589762076 0.30945707115602566 0.16959876917532668 0.11680779585677104 152 4161 0.0365296803652968 0.3146997929606625
1 1 256 1915 0.9730691056910569 0.47296322999279017 0.962987404720838 0.6365361214639661 0.4753822522426513 155 4161 0.037250660898822396 0.3506787330316742
21 1 256 1974 0.9408960915157293 0.5042057197788993 0.9328963150409894 0.6565699210283796 0.5065333749591193 155 4161 0.037250660898822396 0.3506787330316742
22 1 256 0 0.0 0.004085556356645037 0 0 0 155 4161 0.037250660898822396 0.3506787330316742
12 1 256 155 0.3506787330316742 0.10622446527277096 0.34286647254359287 0.16305712473477335 0.10696270805719954 155 4161 0.037250660898822396 0.3506787330316742
1 1 32 3192 0.9737644905430141 0.7877913962989666 0.9714938021289873 0.8709610559634173 0.7892838746486798 74 4161 0.017784186493631338 0.15677966101694915
21 1 32 687 0.827710843373494 0.19947128094208122 0.8026805314840467 0.3214708244409384 0.20098164506249527 74 4161 0.017784186493631338 0.15677966101694915
22 1 32 14 0.42424242424242425 0.007930785868781542 0.2791557485911195 0.015570496941509528 0.008008596600800241 74 4161 0.017784186493631338 0.15677966101694915
12 1 32 74 0.15677966101694915 0.11343427060802691 0.15618874332482935 0.13163041880692972 0.11374563328830448 74 4161 0.017784186493631338 0.15677966101694915
1 1 2 0 0 0.0 0 0 0 144 4161 0.03460706560922855 0.3850267379679144
21 1 2 3696 0.9874432273577345 0.8995433789954338 0.9864888133482925 0.9414460222589289 0.9003369022667803 144 4161 0.03460706560922855 0.3850267379679144
22 1 2 73 0.8111111111111111 0.021629416005767843 0.5957963749592593 0.04213523679425883 0.021839886253677995 144 4161 0.03460706560922855 0.3850267379679144
12 1 2 144 0.3850267379679144 0.08988223984619081 0.3729030333211214 0.145741888344654 0.09056963273471254 144 4161 0.03460706560922855 0.3850267379679144
1 1 128 2517 0.9669611986169804 0.6255707762557078 0.961764562853369 0.7596741254458415 0.6277651881090457 81 4161 0.01946647440519106 0.23076923076923078
21 1 128 1339 0.9324512534818942 0.34510934871425136 0.9169993524306521 0.5037688924404038 0.347275142858089 81 4161 0.01946647440519106 0.23076923076923078
22 1 128 1 0.05555555555555555 0.004325883201153569 0.049725116927873965 0.008026755852842809 0.004365742608495187 81 4161 0.01946647440519106 0.23076923076923078
12 1 128 81 0.23076923076923078 0.08435472242249459 0.22687042832184615 0.12354804646251319 0.08488797258758539 81 4161 0.01946647440519106 0.23076923076923078
1 1 1024 387 0.9822335025380711 0.09468877673636145 0.8988188158135795 0.172726464322874 0.09554355908570086 140 4161 0.03364575823119442 0.41297935103244837
21 1 1024 3311 0.9816187370293508 0.8106224465272771 0.9795728416292042 0.8879632824737022 0.812022971286646 140 4161 0.03364575823119442 0.41297935103244837
22 1 1024 73 0.8111111111111111 0.021629416005767843 0.5957963749592593 0.04213523679425883 0.021839886253677995 140 4161 0.03364575823119442 0.41297935103244837
12 1 1024 140 0.41297935103244837 0.08147080028839221 0.39698574864343783 0.13609363104173566 0.08212349856527242 140 4161 0.03364575823119442 0.41297935103244837
1 1 16 3191 0.981544140264534 0.7813025714972363 0.9790597329415296 0.8700506467295841 0.7828838937737433 57 4161 0.0136986301369863 0.1553133514986376
21 1 16 529 0.8101071975497703 0.15693342946407113 0.778044764170003 0.2629318710995449 0.1581963069212859 57 4161 0.0136986301369863 0.1553133514986376
22 1 16 87 0.8365384615384616 0.024993991828887285 0.633031011902824 0.04853777798043575 0.02523639164955148 57 4161 0.0136986301369863 0.1553133514986376
12 1 16 57 0.1553133514986376 0.0881999519346311 0.15415198674281488 0.11250826910768931 0.08857892599353463 57 4161 0.0136986301369863 0.1553133514986376
1 2 4 2292 0.9744897959183674 0.5652487382840663 0.9675540455100489 0.7154839804004481 0.5676088343172944 108 4161 0.02595529920692141 0.2819843342036554
21 2 4 1564 0.9238038984051978 0.406873347752944 0.9123275852564032 0.5649321590138225 0.40914009489552206 108 4161 0.02595529920692141 0.2819843342036554
22 2 4 0 0.0 0.004325883201153569 0 0 0 108 4161 0.02595529920692141 0.2819843342036554
12 2 4 108 0.2819843342036554 0.0920451814467676 0.2763384319706041 0.13878743853562545 0.09266316264197556 108 4161 0.02595529920692141 0.2819843342036554
1 2 512 1541 0.9716267339218159 0.3811583753905311 0.9569490142652713 0.5475277112946663 0.3834656659303735 91 4161 0.021869742850276375 0.33090909090909093
21 2 512 1967 0.9613880742913001 0.49170872386445563 0.9523810173165822 0.650641999553303 0.49409870834573705 91 4161 0.021869742850276375 0.33090909090909093
22 2 512 6 0.25 0.005767844268204758 0.17614998909962937 0.011275546159267088 0.0058241789925900294 91 4161 0.021869742850276375 0.33090909090909093
12 2 512 91 0.33090909090909093 0.06608988223984619 0.31828194678579963 0.11017531192490908 0.0666177306838496 91 4161 0.021869742850276375 0.33090909090909093
1 2 8 2817 0.9767683772538142 0.6931026195626051 0.9728263165278485 0.8108419420077646 0.6951012939447035 79 4161 0.018985820716173996 0.2598684210526316
21 2 8 749 0.9067796610169492 0.1985099735640471 0.8758397127480138 0.32571518071845146 0.2000571131870234 79 4161 0.018985820716173996 0.2598684210526316
22 2 8 125 0.8741258741258742 0.03436673876472002 0.7038430424654729 0.06613340634214741 0.03469676492869931 79 4161 0.018985820716173996 0.2598684210526316
12 2 8 79 0.2598684210526316 0.0730593607305936 0.253451948675901 0.11405368824723663 0.07358308299192376 79 4161 0.018985820716173996 0.2598684210526316
1 2 64 1978 0.9748644652538196 0.4876231675078106 0.9653143818843261 0.6500793412389219 0.4900481983929445 98 4161 0.023552030761836096 0.32666666666666666
21 2 64 1548 0.9427527405602923 0.39461667868300887 0.9299631307416726 0.5563548110883281 0.3969014983920601 98 4161 0.023552030761836096 0.32666666666666666
22 2 64 0 0.0 0.004806536890170632 0 0 0 98 4161 0.023552030761836096 0.32666666666666666
12 2 64 98 0.32666666666666666 0.07209805335255948 0.31563244795955003 0.11812494726564854 0.07265867015107247 98 4161 0.023552030761836096 0.32666666666666666
1 2 256 2648 0.9749631811487481 0.6527277096851718 0.9702208646851038 0.7819488182213151 0.6548706955848382 89 4161 0.02138908916125931 0.3449612403100775
21 2 256 677 0.9161028416779432 0.17760153809180484 0.8798780694740855 0.29752331021391454 0.17903047358139626 89 4161 0.02138908916125931 0.3449612403100775
22 2 256 19 0.5135135135135135 0.008892093246815669 0.3287799999073898 0.017481474113492816 0.008979459279809502 89 4161 0.02138908916125931 0.3449612403100775
12 2 256 89 0.3449612403100775 0.06200432588320115 0.3300485901761687 0.10511498238699178 0.06251200825974197 89 4161 0.02138908916125931 0.3449612403100775
1 2 32 3240 0.9857012473379981 0.7899543378995434 0.9832888288007258 0.8770382980587712 0.7915106080000306 85 4161 0.020427781783225185 0.23545706371191136
21 2 32 603 0.8492957746478873 0.17063205960105743 0.8171179005501664 0.28417125677398286 0.1719928293115216 85 4161 0.020427781783225185 0.23545706371191136
22 2 32 0 0.0 0.004085556356645037 0 0 0 85 4161 0.020427781783225185 0.23545706371191136
12 2 32 85 0.23545706371191136 0.0867579908675799 0.23152807250377921 0.12679594881055192 0.08730388538819359 85 4161 0.020427781783225185 0.23545706371191136
1 2 2 2468 0.9728025226645645 0.6097092045181447 0.9671002807118003 0.7496015884861452 0.6119707371088849 124 4161 0.029800528719057917 0.28054298642533937
21 2 2 1421 0.9103139013452914 0.3751502042778178 0.8976356264144061 0.5313325273770818 0.3773466200871546 124 4161 0.029800528719057917 0.28054298642533937
22 2 2 17 0.4857142857142857 0.008411439557798606 0.3109911662880297 0.016536505377838302 0.008494082976144623 124 4161 0.029800528719057917 0.28054298642533937
12 2 2 124 0.28054298642533937 0.10622446527277096 0.27605762592380634 0.15410049934769895 0.1068820131324355 124 4161 0.029800528719057917 0.28054298642533937
1 2 128 2610 0.9717051377513031 0.6455179043499158 0.966867822406716 0.7757162096234946 0.6476705136483683 88 4161 0.02114876231675078 0.2543352601156069
21 2 128 1151 0.9185953711093376 0.3011295361691901 0.9003171582488387 0.4535714510356453 0.30314706932341334 88 4161 0.02114876231675078 0.2543352601156069
22 2 128 0 0.0 0.004325883201153569 0 0 0 88 4161 0.02114876231675078 0.2543352601156069
12 2 128 88 0.2543352601156069 0.08315308819995193 0.24925480848724016 0.12533032575676498 0.08371093219618322 88 4161 0.02114876231675078 0.2543352601156069
1 2 1024 2264 0.9771255934397929 0.5568372987262677 0.9698776539935963 0.7094043522773998 0.5592188356717469 39 4161 0.009372746935832732 0.20526315789473684
21 2 1024 928 0.9373737373737374 0.23792357606344627 0.910861269336731 0.37951811708252875 0.23969442104520833 39 4161 0.009372746935832732 0.20526315789473684
22 2 1024 125 0.8802816901408451 0.034126411920211486 0.7067740314012281 0.06570557608983339 0.034454318925511866 39 4161 0.009372746935832732 0.20526315789473684
12 2 1024 39 0.20526315789473684 0.045662100456621 0.19839730836451916 0.07470548798007855 0.04601635514018691 39 4161 0.009372746935832732 0.20526315789473684
1 2 16 3198 0.9821867321867321 0.7825042057197789 0.9797114188679055 0.8710479917237505 0.7840824941890092 118 4161 0.028358567652006728 0.24180327868852458
21 2 16 715 0.807909604519774 0.21268925739005046 0.7861273052106141 0.33673111001133477 0.214252112570881 118 4161 0.028358567652006728 0.24180327868852458
22 2 16 17 0.5151515151515151 0.007930785868781542 0.315419429182184 0.015621084287026979 0.008008860758956909 118 4161 0.028358567652006728 0.24180327868852458
12 2 16 118 0.24180327868852458 0.11727950012016342 0.2392877499887062 0.1579500289381218 0.11788055051503565 118 4161 0.028358567652006728 0.24180327868852458
1 9 4 511 0.9789272030651341 0.1254506128334535 0.9171487231295289 0.22240037019203707 0.12654295275654462 89 4161 0.02138908916125931 0.4009009009009009
21 9 4 2809 0.9811386657352428 0.688055755827926 0.9770181826565837 0.8088669570226187 0.6900967827466564 89 4161 0.02138908916125931 0.4009009009009009
22 9 4 74 0.8131868131868132 0.021869742850276375 0.5987021286709494 0.04259396891158937 0.022082501438894776 89 4161 0.02138908916125931 0.4009009009009009
12 9 4 89 0.4009009009009009 0.05335255948089401 0.37661069286615717 0.09417248750634513 0.05381446788571029 89 4161 0.02138908916125931 0.4009009009009009
1 9 512 896 0.9749727965179543 0.22086037010334053 0.9430904501927757 0.3601386191487654 0.22256479826335396 124 4161 0.029800528719057917 0.34831460674157305
21 9 512 2774 0.9716287215411559 0.6861331410718577 0.9676422886351206 0.8042972657313359 0.6881350825203025 124 4161 0.029800528719057917 0.34831460674157305
22 9 512 19 0.5277777777777778 0.008651766402307137 0.3310856469167397 0.01702445398543961 0.008736851849884585 124 4161 0.029800528719057917 0.34831460674157305
12 9 512 124 0.34831460674157305 0.08555635664503725 0.33803573795161085 0.13737046833670452 0.08620018708842402 124 4161 0.029800528719057917 0.34831460674157305
1 9 8 262 0.9739776951672863 0.064647921172795 0.8549167563625638 0.12124798824645625 0.06525108987201926 93 4161 0.022350396539293438 0.40611353711790393
21 9 8 2692 0.976423648893725 0.6625811103100216 0.9718658233928728 0.7894545293831483 0.6646964274546746 93 4161 0.022350396539293438 0.40611353711790393
22 9 8 197 0.9205607476635514 0.05142994472482576 0.7886104853632413 0.09741736981420267 0.051915240133641724 93 4161 0.022350396539293438 0.40611353711790393
12 9 8 93 0.40611353711790393 0.055034847392453734 0.3819870564633064 0.09693364344331314 0.05550997102148372 93 4161 0.022350396539293438 0.40611353711790393
1 9 64 352 0.9805013927576601 0.08627733717856284 0.8892475962134702 0.15859905506751265 0.08706350069481053 137 4161 0.03292477769766883 0.3586387434554974
21 9 64 3412 0.9844200807847663 0.8329728430665705 0.9826511594859774 0.9023862508778929 0.834243570444261 137 4161 0.03292477769766883 0.3586387434554974
22 9 64 0 0.0 0.004085556356645037 0 0 0 137 4161 0.03292477769766883 0.3586387434554974
12 9 64 137 0.3586387434554974 0.09180485460225907 0.3486066934930137 0.14618823683868704 0.09248615577398114 137 4161 0.03292477769766883 0.3586387434554974
1 9 256 84 0.9882352941176471 0.020427781783225185 0.6726901636530525 0.04002814303614025 0.02062779563567973 159 4161 0.03821196827685652 0.3975
21 9 256 3548 0.9861033907726515 0.8646959865416967 0.9847344662751324 0.9214176909369547 0.8657513316854065 159 4161 0.03821196827685652 0.3975
22 9 256 46 0.7301587301587301 0.01514059120403749 0.49752679727896704 0.02966602687140115 0.015288826820807507 159 4161 0.03821196827685652 0.3975
12 9 256 159 0.3975 0.09613073780341264 0.38553322523246414 0.1548200521178823 0.09685780587727061 159 4161 0.03821196827685652 0.3975
1 9 32 996 0.9774288518155054 0.2448930545541937 0.9493136795051135 0.3916571172996712 0.2467238229642025 71 4161 0.017063205960105743 0.3858695652173913
21 9 32 1922 0.9707070707070707 0.47584715212689255 0.9608139630089926 0.6386323967040342 0.4782611552132569 71 4161 0.017063205960105743 0.3858695652173913
22 9 32 17 0.5 0.008171112713290074 0.31329258279354066 0.016079451406951998 0.00825147536571769 71 4161 0.017063205960105743 0.3858695652173913
12 9 32 71 0.3858695652173913 0.04422013938956981 0.35844957567594515 0.07934719560747919 0.04461121692171432 71 4161 0.017063205960105743 0.3858695652173913
1 9 2 0 0 0.0 0 0 0 105 4161 0.025234318673395817 0.36971830985915494
21 9 2 3337 0.9832056570418385 0.8156693102619562 0.9812102311039483 0.8916358220571455 0.8170477593870602 105 4161 0.025234318673395817 0.36971830985915494
22 9 2 96 0.8495575221238938 0.02715693342946407 0.6535890944405603 0.05263145127054399 0.02741973777758546 105 4161 0.025234318673395817 0.36971830985915494
12 9 2 105 0.36971830985915494 0.06825282384042297 0.35422737181571784 0.1152327938156082 0.06880832665237353 105 4161 0.025234318673395817 0.36971830985915494
1 9 128 798 0.9779411764705882 0.19610670511896178 0.9408047180103568 0.3267001711346816 0.1976713814235506 118 4161 0.028358567652006728 0.34705882352941175
21 9 128 2775 0.9709587123862841 0.6868541216053833 0.9669985028004172 0.8045624691002087 0.6888497543557078 118 4161 0.028358567652006728 0.34705882352941175
22 9 128 27 0.6136363636363636 0.01057438115837539 0.39218557462567044 0.020790493774227137 0.010678284853224753 118 4161 0.028358567652006728 0.34705882352941175
12 9 128 118 0.34705882352941175 0.08171112713290074 0.33624767010997764 0.13227870846920037 0.08233439126777392 118 4161 0.028358567652006728 0.34705882352941175
1 9 1024 399 0.973170731707317 0.09853400624849795 0.8945520412594552 0.17894930863477723 0.09941868441320881 150 4161 0.03604902667627974 0.3614457831325301
21 9 1024 3392 0.982334202143064 0.8298485940879596 0.9805502693749739 0.899675968967775 0.8311259592404049 150 4161 0.03604902667627974 0.3614457831325301
22 9 1024 28 0.6222222222222222 0.010814708002883922 0.39892416491122473 0.02125990230568702 0.010920956935335423 150 4161 0.03604902667627974 0.3614457831325301
12 9 1024 150 0.3614457831325301 0.09973564047104061 0.35229300737113123 0.15633338565374352 0.10045580388010492 150 4161 0.03604902667627974 0.3614457831325301
1 9 16 277 0.9753521126760564 0.06825282384042297 0.8619329788677764 0.12757803954257563 0.06888714649016689 118 4161 0.028358567652006728 0.3480825958702065
21 9 16 3351 0.9806848112379281 0.8211968276856525 0.9788026602005757 0.8938825265228694 0.8225212432248695 118 4161 0.028358567652006728 0.3480825958702065
22 9 16 38 0.6909090909090909 0.013217976447969237 0.45827562101350794 0.025939693315874722 0.013347602644986585 118 4161 0.028358567652006728 0.3480825958702065
12 9 16 118 0.3480825958702065 0.08147080028839221 0.33715838758891903 0.1320374505503211 0.08209336389410803 118 4161 0.028358567652006728 0.3480825958702065
1 10 4 1737 0.973109243697479 0.4289834174477289 0.9610400310471541 0.5954638241531832 0.4313716021897731 98 4161 0.023552030761836096 0.296969696969697
21 10 4 1822 0.9425763062596999 0.46455179043499156 0.933070063208679 0.6223676603759147 0.46689619529384463 98 4161 0.023552030761836096 0.296969696969697
22 10 4 66 0.7857142857142857 0.020187454938716654 0.5712396937032889 0.03936353760623682 0.020384092177928984 98 4161 0.023552030761836096 0.296969696969697
12 10 4 98 0.296969696969697 0.07930785868781542 0.28911348762561984 0.1251843507948858 0.07988759180858322 98 4161 0.023552030761836096 0.296969696969697
1 10 512 290 0.9634551495016611 0.07233838019706801 0.8587192296715915 0.13457273657182545 0.07300694873942155 62 4161 0.014900264359528959 0.2831050228310502
21 10 512 2743 0.9740767045454546 0.676760394136025 0.9698580825207984 0.798645166156512 0.6788118094490849 62 4161 0.014900264359528959 0.2831050228310502
22 10 512 66 0.7951807228915663 0.019947128094208122 0.5742221797854962 0.03891799726479939 0.020141546863139684 62 4161 0.014900264359528959 0.2831050228310502
12 10 512 62 0.2831050228310502 0.05263157894736842 0.2713406707686975 0.08876163206871868 0.05305925317109957 62 4161 0.014900264359528959 0.2831050228310502
1 10 8 139 0.9788732394366197 0.034126411920211486 0.7682881663525101 0.06595349039250312 0.03445566377748139 53 4161 0.012737322758952174 0.2548076923076923
21 10 8 3287 0.9850164818699431 0.80197068012497 0.9827955099303965 0.8841186491991062 0.8034489481658947 53 4161 0.012737322758952174 0.2548076923076923
22 10 8 37 0.6491228070175439 0.0136986301369863 0.4448279966670634 0.026831036983321243 0.013832697283431486 53 4161 0.012737322758952174 0.2548076923076923
12 10 8 53 0.2548076923076923 0.04998798365777457 0.24487363240232482 0.08357941902296084 0.05038901070772813 53 4161 0.012737322758952174 0.2548076923076923
1 10 64 980 0.9693372898120672 0.24297043979812544 0.9414704391424659 0.388548718886896 0.24478657138166549 117 4161 0.028118240807498196 0.29620253164556964
21 10 64 2671 0.9632167327803822 0.6664263398221582 0.958988201231671 0.7877958216422848 0.6684656512021402 117 4161 0.028118240807498196 0.29620253164556964
22 10 64 126 0.8811188811188811 0.03436673876472002 0.7083247378741748 0.06615326718496149 0.034696873150169026 117 4161 0.028118240807498196 0.29620253164556964
12 10 64 117 0.29620253164556964 0.09492910358086998 0.29011232718911917 0.14377891367043005 0.09557209832774446 117 4161 0.028118240807498196 0.29620253164556964
1 10 256 638 0.9740458015267176 0.1574140831530882 0.9264588983462511 0.27102777371525444 0.15873170006147969 66 4161 0.015861571737563085 0.2796610169491525
21 10 256 2445 0.9664031620553359 0.6080269166065849 0.9607962167406728 0.7464277299919846 0.6102675964630176 66 4161 0.015861571737563085 0.2796610169491525
22 10 256 0 0.0 0.004085556356645037 0 0 0 66 4161 0.015861571737563085 0.2796610169491525
12 10 256 66 0.2796610169491525 0.056717135304013455 0.269184661921014 0.09430797827574307 0.05716836536680905 66 4161 0.015861571737563085 0.2796610169491525
1 10 32 715 0.9821428571428571 0.174957942802211 0.9392392098298633 0.2970073027894504 0.17639329698143633 69 4161 0.01658255227108868 0.25650557620817843
21 10 32 2495 0.9666795815575359 0.6202835856765201 0.9613640210596068 0.7556766148440182 0.622492113105355 69 4161 0.01658255227108868 0.25650557620817843
22 10 32 47 0.734375 0.015380918048546022 0.5020234084145367 0.03013077034803644 0.015531474281516968 69 4161 0.01658255227108868 0.25650557620817843
12 10 32 69 0.25650557620817843 0.064647921172795 0.24918369275664148 0.10326870114334993 0.06513025052998685 69 4161 0.01658255227108868 0.25650557620817843
1 10 2 2568 0.9734647460197119 0.6339822158135063 0.9683309007858827 0.7678752100088797 0.6361788363817321 92 4161 0.022110069694784906 0.2164705882352941
21 10 2 1206 0.8777292576419214 0.3302090843547224 0.8635524497243285 0.4798823986300691 0.33226118085954826 92 4161 0.022110069694784906 0.2164705882352941
22 10 2 1 0.05555555555555555 0.004325883201153569 0.049725116927873965 0.008026755852842809 0.004365742608495187 92 4161 0.022110069694784906 0.2164705882352941
12 10 2 92 0.2164705882352941 0.10213890891612593 0.2140977609920613 0.13879102721333528 0.10267583506502878 92 4161 0.022110069694784906 0.2164705882352941
1 10 128 209 0.9766355140186916 0.05142994472482576 0.828981388077513 0.09771422641447601 0.051916904560791 57 4161 0.0136986301369863 0.296875
21 10 128 2974 0.9818421921426214 0.7279500120163422 0.9784633263192012 0.8360454958559661 0.729818546667028 57 4161 0.0136986301369863 0.296875
22 10 128 152 0.8994082840236687 0.04061523672194184 0.7437106070908096 0.07772077944671446 0.04100287312230034 57 4161 0.0136986301369863 0.296875
12 10 128 57 0.296875 0.046142754145638065 0.281718442125642 0.07987126013990607 0.04653185804631059 57 4161 0.0136986301369863 0.296875
1 10 1024 454 0.9639065817409767 0.11319394376351838 0.8971486708411023 0.20259647975896936 0.1141917849521222 65 4161 0.015621244893054553 0.2697095435684647
21 10 1024 2812 0.9757113115891742 0.692621965873588 0.9717787702440864 0.810148782485189 0.6946173496535907 65 4161 0.015621244893054553 0.2697095435684647
22 10 1024 57 0.7702702702702703 0.017784186493631338 0.5428523007172738 0.03476569422178996 0.017957882199246846 65 4161 0.015621244893054553 0.2697095435684647
12 10 1024 65 0.2697095435684647 0.05791876952655611 0.26028593919782056 0.09535955391330285 0.05837260498511303 65 4161 0.015621244893054553 0.2697095435684647
1 10 16 1342 0.976 0.33044941119923094 0.9574803073069433 0.49373304862130013 0.33262771032122124 78 4161 0.018745493871665464 0.2422360248447205
21 10 16 2411 0.9609406137903547 0.6029800528719058 0.9553254528361045 0.7409941366740711 0.6052122109064477 78 4161 0.018745493871665464 0.2422360248447205
22 10 16 19 0.5277777777777778 0.008651766402307137 0.3310856469167397 0.01702445398543961 0.008736851849884585 78 4161 0.018745493871665464 0.2422360248447205
12 10 16 78 0.2422360248447205 0.07738524393174717 0.23723239163569143 0.11729816318810392 0.07791020275382742 78 4161 0.018745493871665464 0.2422360248447205
