1 8 4 0 0.0 0.0002403268445085316 0 0 0 65 4161 0.015621244893054553 0.2968036529680365
21 8 4 65 0.29545454545454547 0.05287190579187695 0.28261616115167604 0.08969313032160946 0.053305234564438315 65 4161 0.015621244893054553 0.2968036529680365
22 8 4 0 0.0 0.004085556356645037 0 0 0 65 4161 0.015621244893054553 0.2968036529680365
12 8 4 65 0.2968036529680365 0.05263157894736842 0.28376918089474823 0.08940852819807428 0.053063797799852895 65 4161 0.015621244893054553 0.2968036529680365
1 8 512 0 0.0 0.002403268445085316 0 0 0 57 4161 0.0136986301369863 0.24782608695652175
21 8 512 58 0.25892857142857145 0.053833213169911076 0.249516537369332 0.08913465562545882 0.054258737272977774 57 4161 0.0136986301369863 0.24782608695652175
22 8 512 0 0.0 0.004085556356645037 0 0 0 57 4161 0.0136986301369863 0.24782608695652175
12 8 512 57 0.24782608695652175 0.055275174236962266 0.2395635240195854 0.09038979305494747 0.0557036843832297 57 4161 0.0136986301369863 0.24782608695652175
1 8 8 3 0.045454545454545456 0.015861571737563085 0.044630124329644284 0.023516835916622125 0.015964478675709846 30 4161 0.007209805335255948 0.1744186046511628
21 8 8 27 0.2523364485981308 0.02571497236241288 0.23208566017656035 0.046673559727293285 0.02594568149506111 30 4161 0.007209805335255948 0.1744186046511628
22 8 8 0 0.0 0.004085556356645037 0 0 0 30 4161 0.007209805335255948 0.1744186046511628
12 8 8 30 0.1744186046511628 0.04133621725546743 0.1690305296718052 0.06683331822244097 0.04165086923692181 30 4161 0.007209805335255948 0.1744186046511628
1 8 64 0 0.0 0.0007209805335255948 0 0 0 43 4161 0.010334054313866858 0.2847682119205298
21 8 64 43 0.2905405405405405 0.035568372987262675 0.2712859327326835 0.06337793225014564 0.03588013176583229 43 4161 0.010334054313866858 0.2847682119205298
22 8 64 0 0.0 0.004085556356645037 0 0 0 43 4161 0.010334054313866858 0.2847682119205298
12 8 64 43 0.2847682119205298 0.03628935352078827 0.2666884368303998 0.06437508675219607 0.03660559881856094 43 4161 0.010334054313866858 0.2847682119205298
1 8 256 0 0.0 0.0004806536890170632 0 0 0 88 4161 0.02114876231675078 0.2875816993464052
21 8 256 88 0.2875816993464052 0.07354001441961067 0.27952650052909794 0.1171281676540439 0.07408596291256253 88 4161 0.02114876231675078 0.2875816993464052
22 8 256 0 0.0 0.004085556356645037 0 0 0 88 4161 0.02114876231675078 0.2875816993464052
12 8 256 88 0.2875816993464052 0.07354001441961067 0.27952650052909794 0.1171281676540439 0.07408596291256253 88 4161 0.02114876231675078 0.2875816993464052
1 8 32 0 0.0 0.0021629416005767843 0 0 0 54 4161 0.012977649603460706 0.24770642201834864
21 8 32 54 0.25471698113207547 0.0509492910358087 0.2450148269985722 0.08491384745473561 0.051356059941164614 54 4161 0.012977649603460706 0.24770642201834864
22 8 32 0 0.0 0.004085556356645037 0 0 0 54 4161 0.012977649603460706 0.24770642201834864
12 8 32 54 0.24770642201834864 0.05239125210285989 0.23888879735845858 0.08648950473517547 0.05280348239395398 54 4161 0.012977649603460706 0.24770642201834864
1 8 2 0 0 0.0 0 0 0 48 4161 0.011535688536409516 0.32432432432432434
21 8 2 48 0.3221476510067114 0.03580869983177121 0.29851377866526047 0.06445304579392508 0.0361266298511313 48 4161 0.011535688536409516 0.32432432432432434
22 8 2 0 0.0 0.004085556356645037 0 0 0 48 4161 0.011535688536409516 0.32432432432432434
12 8 2 48 0.32432432432432434 0.035568372987262675 0.3001948012826091 0.06410626624314178 0.035884702269160865 48 4161 0.011535688536409516 0.32432432432432434
1 8 128 0 0.0 0.0004806536890170632 0 0 0 50 4161 0.01201634222542658 0.24390243902439024
21 8 128 50 0.24390243902439024 0.049267003124248976 0.23472129326274502 0.08197540737778666 0.049659363866067216 50 4161 0.01201634222542658 0.24390243902439024
22 8 128 0 0.0 0.004085556356645037 0 0 0 50 4161 0.01201634222542658 0.24390243902439024
12 8 128 50 0.24390243902439024 0.049267003124248976 0.23472129326274502 0.08197540737778666 0.049659363866067216 50 4161 0.01201634222542658 0.24390243902439024
1 8 1024 1 0.06666666666666667 0.003604902667627974 0.05682457522223472 0.006839945280437756 0.0036389839668528193 87 4161 0.02090843547224225 0.2693498452012384
21 8 1024 87 0.2770700636942675 0.07546262917567892 0.26992996306745115 0.11861841976713135 0.07601023446845911 87 4161 0.02090843547224225 0.2693498452012384
22 8 1024 0 0.0 0.004085556356645037 0 0 0 87 4161 0.02090843547224225 0.2693498452012384
12 8 1024 87 0.2693498452012384 0.0776255707762557 0.2629203753214363 0.12051825293350717 0.07817652480046221 87 4161 0.02090843547224225 0.2693498452012384
1 8 16 0 0.0 0.001201634222542658 0 0 0 88 4161 0.02114876231675078 0.31095406360424027
21 8 16 88 0.3154121863799283 0.06705118961788031 0.3042540441614926 0.11059235285771235 0.06757804225418093 88 4161 0.02114876231675078 0.31095406360424027
22 8 16 0 0.0 0.004085556356645037 0 0 0 88 4161 0.02114876231675078 0.31095406360424027
12 8 16 88 0.31095406360424027 0.06801249699591444 0.30033236745062847 0.11161281503707504 0.0685427039877958 88 4161 0.02114876231675078 0.31095406360424027
1 3 4 0 0.0 0.0031242489786109107 0 0 0 59 4161 0.014179283826003364 0.329608938547486
21 3 4 59 0.34705882352941175 0.04085556356645037 0.32308414067425945 0.07310522268667159 0.04121560043614822 59 4161 0.014179283826003364 0.329608938547486
22 3 4 0 0.0 0.004085556356645037 0 0 0 59 4161 0.014179283826003364 0.329608938547486
12 3 4 59 0.329608938547486 0.043018505167027155 0.30921304186370646 0.07610434531959358 0.043392057608469564 59 4161 0.014179283826003364 0.329608938547486
1 3 512 1 0.07692307692307693 0.0031242489786109107 0.0623427187692892 0.006004618937644341 0.0031542103783851303 35 4161 0.008411439557798606 0.2348993288590604
21 3 512 34 0.2446043165467626 0.03340543138668589 0.23019482304465622 0.05878292235455083 0.03369347077562973 35 4161 0.008411439557798606 0.2348993288590604
22 3 512 0 0.0 0.004085556356645037 0 0 0 35 4161 0.008411439557798606 0.2348993288590604
12 3 512 35 0.2348993288590604 0.03580869983177121 0.22264327999543485 0.06214399771205224 0.036111737104716456 35 4161 0.008411439557798606 0.2348993288590604
1 3 8 18 0.0547112462006079 0.07906753184330689 0.05487862278715897 0.06467218888385325 0.0787205544165924 44 4161 0.01057438115837539 0.10401891252955082
21 3 8 27 0.24324324324324326 0.026676279740447006 0.22514610096195686 0.048079699682356335 0.026913526701870655 44 4161 0.01057438115837539 0.10401891252955082
22 3 8 0 0.0 0.004085556356645037 0 0 0 44 4161 0.01057438115837539 0.10401891252955082
12 3 8 44 0.10401891252955082 0.10165825522710886 0.10399500242974324 0.10282503666995385 0.10168110277044347 44 4161 0.01057438115837539 0.10401891252955082
1 3 64 8 0.0547945205479452 0.03508771929824561 0.054491502562719174 0.0427807486631016 0.03521310903861239 81 4161 0.01946647440519106 0.22946175637393768
21 3 64 75 0.32751091703056767 0.055034847392453734 0.31220668895418163 0.09423454663169792 0.055491947345645984 81 4161 0.01946647440519106 0.22946175637393768
22 3 64 0 0.0 0.004085556356645037 0 0 0 81 4161 0.01946647440519106 0.22946175637393768
12 3 64 81 0.22946175637393768 0.08483537611151165 0.225652939015737 0.12387306400953102 0.0853681114464049 81 4161 0.01946647440519106 0.22946175637393768
1 3 256 3 0.075 0.009613073780341264 0.07026779450728476 0.017041823475111836 0.009696775742059365 43 4161 0.010334054313866858 0.22631578947368422
21 3 256 40 0.25806451612903225 0.037250660898822396 0.24375812591964002 0.06510382484970992 0.03756893813154227 43 4161 0.010334054313866858 0.22631578947368422
22 3 256 0 0.0 0.004085556356645037 0 0 0 43 4161 0.010334054313866858 0.22631578947368422
12 3 256 43 0.22631578947368422 0.045662100456621 0.21778484281681101 0.07599187063709462 0.04602585841458245 43 4161 0.010334054313866858 0.22631578947368422
1 3 32 0 0.0 0.0045662100456621 0 0 0 52 4161 0.012496995914443643 0.2374429223744292
21 3 32 52 0.25365853658536586 0.049267003124248976 0.2436504157622126 0.08250869785639926 0.04966321443686293 52 4161 0.012496995914443643 0.2374429223744292
22 3 32 0 0.0 0.004085556356645037 0 0 0 52 4161 0.012496995914443643 0.2374429223744292
12 3 32 52 0.2374429223744292 0.05263157894736842 0.229465221950367 0.08616404308202154 0.05304032559407791 52 4161 0.012496995914443643 0.2374429223744292
1 3 2 2 0.01680672268907563 0.02859889449651526 0.01687561691689682 0.02117155183916737 0.028401592228375364 101 4161 0.02427301129536169 0.2603092783505155
21 3 2 99 0.34494773519163763 0.06897380437394857 0.3318032628425619 0.11496071275399143 0.06952452509697521 101 4161 0.02427301129536169 0.2603092783505155
22 3 2 0 0.0 0.004085556356645037 0 0 0 101 4161 0.02427301129536169 0.2603092783505155
12 3 2 101 0.2603092783505155 0.09324681566931026 0.255772194298796 0.13730783717731976 0.09384312322241666 101 4161 0.02427301129536169 0.2603092783505155
1 3 128 2 0.025 0.019226147560682527 0.024925885593886987 0.021736177149843768 0.019270212258526116 79 4161 0.018985820716173996 0.24921135646687698
21 3 128 78 0.308300395256917 0.06080269166065849 0.29635661987629686 0.10157321645945229 0.06128984336900626 79 4161 0.018985820716173996 0.24921135646687698
22 3 128 0 0.0 0.004085556356645037 0 0 0 79 4161 0.018985820716173996 0.24921135646687698
12 3 128 79 0.24921135646687698 0.07618360970920451 0.24373057056729486 0.11669400383963019 0.07671094138795947 79 4161 0.018985820716173996 0.24921135646687698
1 3 1024 0 0.0 0.001201634222542658 0 0 0 55 4161 0.013217976447969237 0.2682926829268293
21 3 1024 55 0.2696078431372549 0.049026676279740444 0.25810992254789084 0.08296638086892864 0.04942706269728822 55 4161 0.013217976447969237 0.2682926829268293
22 3 1024 0 0.0 0.004085556356645037 0 0 0 55 4161 0.013217976447969237 0.2682926829268293
12 3 1024 55 0.2682926829268293 0.049267003124248976 0.2569812168061462 0.08324719432959243 0.04966846617766199 55 4161 0.013217976447969237 0.2682926829268293
1 3 16 6 0.02564102564102564 0.05623648161499639 0.02577989246924771 0.035222397832467826 0.055579856358736295 46 4161 0.011055034847392453 0.12777777777777777
21 3 16 44 0.3055555555555556 0.03460706560922855 0.28357359736675586 0.06217250515160435 0.034913593308489824 46 4161 0.011055034847392453 0.12777777777777777
22 3 16 0 0.0 0.004085556356645037 0 0 0 46 4161 0.011055034847392453 0.12777777777777777
12 3 16 46 0.12777777777777777 0.08651766402307137 0.12717727671094636 0.10317564157679296 0.08679515521374973 46 4161 0.011055034847392453 0.12777777777777777
1 5 4 4 0.03669724770642202 0.026195626051429943 0.036552163779192924 0.030569675723049954 0.026270058540304397 118 4161 0.028358567652006728 0.25934065934065936
21 5 4 117 0.32054794520547947 0.08771929824561403 0.31233975968578365 0.1377442900871203 0.08835470484877939 118 4161 0.028358567652006728 0.25934065934065936
22 5 4 0 0.0 0.004085556356645037 0 0 0 118 4161 0.028358567652006728 0.25934065934065936
12 5 4 118 0.25934065934065936 0.10934871425138187 0.25586573768992743 0.15383447250305507 0.1099784867510735 118 4161 0.028358567652006728 0.25934065934065936
1 5 512 0 0.0 0.0031242489786109107 0 0 0 70 4161 0.01682287911559721 0.2845528455284553
21 5 512 70 0.2966101694915254 0.056717135304013455 0.28468810944450224 0.0952254687779206 0.05717497793898138 70 4161 0.01682287911559721 0.2845528455284553
22 5 512 0 0.0 0.004085556356645037 0 0 0 70 4161 0.01682287911559721 0.2845528455284553
12 5 512 70 0.2845528455284553 0.05912040374909877 0.27420079553892795 0.09790042810117515 0.059587804594265575 70 4161 0.01682287911559721 0.2845528455284553
1 5 8 1 0.030303030303030304 0.007930785868781542 0.029479661421710403 0.01257142857142857 0.007989184757987386 93 4161 0.022350396539293438 0.3217993079584775
21 5 8 93 0.3576923076923077 0.06248497957221821 0.34170830084288834 0.10638555303548604 0.06299977557016787 93 4161 0.022350396539293438 0.3217993079584775
22 5 8 0 0.0 0.004085556356645037 0 0 0 93 4161 0.022350396539293438 0.3217993079584775
12 5 8 93 0.3217993079584775 0.06945445806296563 0.3106252802785833 0.11425012858824979 0.06999792500524936 93 4161 0.022350396539293438 0.3217993079584775
1 5 64 0 0.0 0.0019226147560682527 0 0 0 46 4161 0.011055034847392453 0.26744186046511625
21 5 64 46 0.2754491017964072 0.040134583032924775 0.2603363547233069 0.07006087690097813 0.040476951521843996 46 4161 0.011055034847392453 0.26744186046511625
22 5 64 0 0.0 0.004085556356645037 0 0 0 46 4161 0.011055034847392453 0.26744186046511625
12 5 64 46 0.26744186046511625 0.04133621725546743 0.2537019740263369 0.07160505000226254 0.04168515023121322 46 4161 0.011055034847392453 0.26744186046511625
1 5 256 0 0.0 0.0009613073780341264 0 0 0 85 4161 0.020427781783225185 0.32945736434108525
21 5 256 85 0.3333333333333333 0.061283345349675555 0.31929928961951876 0.10353227771010962 0.061782591486452446 85 4161 0.020427781783225185 0.32945736434108525
22 5 256 0 0.0 0.004085556356645037 0 0 0 85 4161 0.020427781783225185 0.32945736434108525
12 5 256 85 0.32945736434108525 0.06200432588320115 0.3159633585042122 0.10436669688684566 0.06250673062139805 85 4161 0.020427781783225185 0.32945736434108525
1 5 32 0 0.0 0.004085556356645037 0 0 0 110 4161 0.026435952895938475 0.3206997084548105
21 5 32 110 0.3313253012048193 0.07978851237683249 0.32129657294224534 0.12860649300799035 0.08039279858793653 110 4161 0.026435952895938475 0.3206997084548105
22 5 32 0 0.0 0.004085556356645037 0 0 0 110 4161 0.026435952895938475 0.3206997084548105
12 5 32 110 0.3206997084548105 0.08243210766642634 0.3117771081626592 0.1311528975822052 0.08304297648858652 110 4161 0.026435952895938475 0.3206997084548105
1 5 2 2 0.07407407407407407 0.006488824801730353 0.06714929452611362 0.011932383162081539 0.006547977078478478 90 4161 0.021629416005767843 0.3448275862068966
21 5 2 89 0.3739495798319328 0.05719778899303052 0.3545116938971079 0.09921938857960573 0.057681539573525085 90 4161 0.021629416005767843 0.3448275862068966
22 5 2 0 0.0 0.004085556356645037 0 0 0 90 4161 0.021629416005767843 0.3448275862068966
12 5 2 90 0.3448275862068966 0.06272530641672674 0.3301273622121201 0.10614286585737814 0.06323752827409118 90 4161 0.021629416005767843 0.3448275862068966
1 5 128 1 0.03333333333333333 0.007209805335255948 0.03217892758148278 0.011855364552459988 0.007266187050359712 60 4161 0.014419610670511895 0.25862068965517243
21 5 128 60 0.2898550724637681 0.04974765681326604 0.27663543982216576 0.0849204639857235 0.05015904570418254 60 4161 0.014419610670511895 0.25862068965517243
22 5 128 0 0.0 0.004085556356645037 0 0 0 60 4161 0.014419610670511895 0.25862068965517243
12 5 128 60 0.25862068965517243 0.05575582792597933 0.24962802242873838 0.09173465487472157 0.05619224179994232 60 4161 0.014419610670511895 0.25862068965517243
1 5 1024 0 0.0 0.0002403268445085316 0 0 0 78 4161 0.018745493871665464 0.3157894736842105
21 5 1024 78 0.3157894736842105 0.0593607305936073 0.3028369339586376 0.09993593850096093 0.05984184979528588 78 4161 0.018745493871665464 0.3157894736842105
22 5 1024 0 0.0 0.004085556356645037 0 0 0 78 4161 0.018745493871665464 0.3157894736842105
12 5 1024 78 0.3157894736842105 0.0593607305936073 0.3028369339586376 0.09993593850096093 0.05984184979528588 78 4161 0.018745493871665464 0.3157894736842105
1 5 16 5 0.045454545454545456 0.026435952895938475 0.04513306332034725 0.03342956997416806 0.02654592373124343 80 4161 0.019226147560682527 0.22099447513812154
21 5 16 78 0.29213483146067415 0.06416726748377793 0.28220807040168466 0.10522247231885046 0.06466689964171095 80 4161 0.019226147560682527 0.22099447513812154
22 5 16 0 0.0 0.004085556356645037 0 0 0 80 4161 0.019226147560682527 0.22099447513812154
12 5 16 80 0.22099447513812154 0.08699831771208844 0.21767500565590656 0.12484803545408299 0.08752374843517366 80 4161 0.019226147560682527 0.22099447513812154
1 7 4 2 0.1 0.004806536890170632 0.08360581101775588 0.009172208209126346 0.0048522699975978864 130 4161 0.031242489786109107 0.3258145363408521
21 7 4 128 0.33507853403141363 0.09180485460225907 0.3265119595308644 0.14412290061485677 0.09246955495716233 130 4161 0.031242489786109107 0.3258145363408521
22 7 4 0 0.0 0.004085556356645037 0 0 0 130 4161 0.031242489786109107 0.3258145363408521
12 7 4 130 0.3258145363408521 0.0958904109589041 0.3182589424841581 0.1481722706179272 0.09656511447342016 130 4161 0.031242489786109107 0.3258145363408521
1 7 512 0 0.0 0.0026435952895938475 0 0 0 70 4161 0.01682287911559721 0.2766798418972332
21 7 512 70 0.2857142857142857 0.05888007690459024 0.2752166030852732 0.09763873667430507 0.05934657608988926 70 4161 0.01682287911559721 0.2766798418972332
22 7 512 0 0.0 0.004085556356645037 0 0 0 70 4161 0.01682287911559721 0.2766798418972332
12 7 512 70 0.2766798418972332 0.06080269166065849 0.2672840050387244 0.09969629502447372 0.061276059351014545 70 4161 0.01682287911559721 0.2766798418972332
1 7 8 2 0.043478260869565216 0.011055034847392453 0.04225134365820609 0.017627898064763364 0.011137266934830447 87 4161 0.02090843547224225 0.28618421052631576
21 7 8 86 0.32209737827715357 0.06416726748377793 0.3097690238188928 0.10701527491348875 0.06468008644270401 87 4161 0.02090843547224225 0.28618421052631576
22 7 8 0 0.0 0.004085556356645037 0 0 0 87 4161 0.02090843547224225 0.28618421052631576
12 7 8 87 0.28618421052631576 0.0730593607305936 0.27815049074790327 0.116402558849354 0.07360205720555932 87 4161 0.02090843547224225 0.28618421052631576
1 7 64 0 0.0 0.0007209805335255948 0 0 0 65 4161 0.015621244893054553 0.28888888888888886
21 7 64 65 0.2914798206278027 0.053592886325402544 0.2792090575422463 0.09053886081563052 0.05402947399064276 65 4161 0.015621244893054553 0.28888888888888886
22 7 64 0 0.0 0.004085556356645037 0 0 0 65 4161 0.015621244893054553 0.28888888888888886
12 7 64 65 0.28888888888888886 0.05407354001441961 0.27698006643583817 0.09109595440530692 0.05451224068974107 65 4161 0.015621244893054553 0.28888888888888886
1 7 256 0 0.0 0.0002403268445085316 0 0 0 75 4161 0.01802451333813987 0.31512605042016806
21 7 256 75 0.31512605042016806 0.05719778899303052 0.30165774976051934 0.09682169890892522 0.057665100314276956 75 4161 0.01802451333813987 0.31512605042016806
22 7 256 0 0.0 0.004085556356645037 0 0 0 75 4161 0.01802451333813987 0.31512605042016806
12 7 256 75 0.31512605042016806 0.05719778899303052 0.30165774976051934 0.09682169890892522 0.057665100314276956 75 4161 0.01802451333813987 0.31512605042016806
1 7 32 0 0.0 0.0002403268445085316 0 0 0 32 4161 0.007690459024273011 0.26666666666666666
21 7 32 32 0.2689075630252101 0.02859889449651526 0.24825399612199953 0.05169944268326624 0.028854196386458437 32 4161 0.007690459024273011 0.26666666666666666
22 7 32 0 0.0 0.004085556356645037 0 0 0 32 4161 0.007690459024273011 0.26666666666666666
12 7 32 32 0.26666666666666666 0.02883922134102379 0.24653688899737597 0.05204944697462589 0.029096146921137916 32 4161 0.007690459024273011 0.26666666666666666
1 7 2 0 0 0.0 0 0 0 96 4161 0.023071377072819033 0.32989690721649484
21 7 2 96 0.3287671232876712 0.07017543859649122 0.31719445171421096 0.11566265060240964 0.07072622764275086 96 4161 0.023071377072819033 0.32989690721649484
22 7 2 0 0.0 0.004085556356645037 0 0 0 96 4161 0.023071377072819033 0.32989690721649484
12 7 2 96 0.32989690721649484 0.06993511175198269 0.31818643152634163 0.11540535013849386 0.07048504106179021 96 4161 0.023071377072819033 0.32989690721649484
1 7 128 0 0.0 0.001201634222542658 0 0 0 68 4161 0.016342225426580148 0.27755102040816326
21 7 128 68 0.2821576763485477 0.05791876952655611 0.2717410862629879 0.09610912854918496 0.05837812390211774 68 4161 0.016342225426580148 0.27755102040816326
22 7 128 0 0.0 0.004085556356645037 0 0 0 68 4161 0.016342225426580148 0.27755102040816326
12 7 128 68 0.27755102040816326 0.05888007690459024 0.26770725014350605 0.09715050455866787 0.059342986599282485 68 4161 0.016342225426580148 0.27755102040816326
1 7 1024 0 0.0 0.0019226147560682527 0 0 0 65 4161 0.015621244893054553 0.30660377358490565
21 7 1024 65 0.3155339805825243 0.04950732996875751 0.29959471119711395 0.08558617581918881 0.04992407232236806 65 4161 0.015621244893054553 0.30660377358490565
22 7 1024 0 0.0 0.004085556356645037 0 0 0 65 4161 0.015621244893054553 0.30660377358490565
12 7 1024 65 0.30660377358490565 0.0509492910358087 0.2920922208708956 0.08737860999527597 0.05137341516384287 65 4161 0.015621244893054553 0.30660377358490565
1 7 16 0 0.0 0.0007209805335255948 0 0 0 8 4161 0.0019226147560682527 0.25806451612903225
21 7 16 8 0.2857142857142857 0.0067291516462388845 0.20256428622591507 0.013148626438131016 0.00679484283922556 8 4161 0.0019226147560682527 0.25806451612903225
22 7 16 0 0.0 0.004085556356645037 0 0 0 8 4161 0.0019226147560682527 0.25806451612903225
12 7 16 8 0.25806451612903225 0.007450132179764479 0.1935882771199802 0.014482174662033928 0.007522461822334996 8 4161 0.0019226147560682527 0.25806451612903225
1 4 4 0 0.0 0.006248497957221821 0 0 0 60 4161 0.014419610670511895 0.2575107296137339
21 4 4 60 0.27906976744186046 0.05167027156933429 0.267417326196184 0.08719603900163915 0.052090527731939076 60 4161 0.014419610670511895 0.2575107296137339
22 4 4 0 0.0 0.004085556356645037 0 0 0 60 4161 0.014419610670511895 0.2575107296137339
12 4 4 60 0.2575107296137339 0.05599615477048786 0.24865106646755517 0.09198911659521827 0.056433400909158174 60 4161 0.014419610670511895 0.2575107296137339
1 4 512 1 0.047619047619047616 0.005046863734679163 0.043948529868838196 0.009126466753585397 0.005091935727815508 74 4161 0.017784186493631338 0.3203463203463203
21 4 512 73 0.3443396226415094 0.0509492910358087 0.32576618544677505 0.08876474417617587 0.05138275682469871 74 4161 0.017784186493631338 0.3203463203463203
22 4 512 0 0.0 0.004085556356645037 0 0 0 74 4161 0.017784186493631338 0.3203463203463203
12 4 512 74 0.3203463203463203 0.0555155010814708 0.30589824901213925 0.09463151339007682 0.055973654650784944 74 4161 0.017784186493631338 0.3203463203463203
1 4 8 3 0.06818181818181818 0.01057438115837539 0.0646923812250404 0.018309175393577917 0.010663586714828243 75 4161 0.01802451333813987 0.2830188679245283
21 4 8 72 0.3185840707964602 0.05431386685892814 0.3039418611360573 0.09280573077668906 0.054763641627287925 75 4161 0.01802451333813987 0.2830188679245283
22 4 8 0 0.0 0.004085556356645037 0 0 0 75 4161 0.01802451333813987 0.2830188679245283
12 4 8 75 0.2830188679245283 0.06368661379476087 0.27368661442551206 0.10397593512947946 0.06417906033766842 75 4161 0.01802451333813987 0.2830188679245283
1 4 64 1 0.08333333333333333 0.002883922134102379 0.06529820591562954 0.005574912891986063 0.0029117536829359704 45 4161 0.010814708002883922 0.21739130434782608
21 4 64 46 0.23232323232323232 0.047584715212689255 0.2237235900720997 0.0789905034473787 0.04796232537099962 45 4161 0.010814708002883922 0.21739130434782608
22 4 64 0 0.0 0.004085556356645037 0 0 0 45 4161 0.010814708002883922 0.21739130434782608
12 4 64 45 0.21739130434782608 0.04974765681326604 0.21037220394240347 0.0809669091762497 0.050130415329304095 45 4161 0.010814708002883922 0.21739130434782608
1 4 256 0 0.0 0.0007209805335255948 0 0 0 60 4161 0.014419610670511895 0.31413612565445026
21 4 256 60 0.31746031746031744 0.04542177361211247 0.29968914845516204 0.07947270491027784 0.045810446408869214 60 4161 0.014419610670511895 0.31413612565445026
22 4 256 0 0.0 0.004085556356645037 0 0 0 60 4161 0.014419610670511895 0.31413612565445026
12 4 256 60 0.31413612565445026 0.045902427301129534 0.2969551742539305 0.08010037009725975 0.04629380580271214 60 4161 0.014419610670511895 0.31413612565445026
1 4 32 5 0.0390625 0.030761836097092043 0.038958416832157575 0.03441877974669929 0.030826693322091255 54 4161 0.012977649603460706 0.1978021978021978
21 4 32 49 0.3141025641025641 0.03749098774333093 0.2927193250853368 0.06698652645415708 0.037820755121823896 54 4161 0.012977649603460706 0.1978021978021978
22 4 32 0 0.0 0.004085556356645037 0 0 0 54 4161 0.012977649603460706 0.1978021978021978
12 4 32 54 0.1978021978021978 0.06560922855082912 0.193933411951713 0.0985352061840166 0.0660462512989639 54 4161 0.012977649603460706 0.1978021978021978
1 4 2 0 0 0.0 0 0 0 75 4161 0.01802451333813987 0.3246753246753247
21 4 2 75 0.3232758620689655 0.05575582792597933 0.30861492938330576 0.09510821292214518 0.05621642896506878 75 4161 0.01802451333813987 0.3246753246753247
22 4 2 0 0.0 0.004085556356645037 0 0 0 75 4161 0.01802451333813987 0.3246753246753247
12 4 2 75 0.3246753246753247 0.0555155010814708 0.30980360913038285 0.09481824450793025 0.05597494579563883 75 4161 0.01802451333813987 0.3246753246753247
1 4 128 12 0.0594059405940594 0.04854602259072338 0.059274653950336195 0.05342973020631282 0.048634049555781045 82 4161 0.01970680124969959 0.20448877805486285
21 4 128 75 0.3440366972477064 0.05239125210285989 0.32606538683674025 0.09093462440106896 0.052834705870006694 82 4161 0.01970680124969959 0.20448877805486285
22 4 128 0 0.0 0.004085556356645037 0 0 0 82 4161 0.01970680124969959 0.20448877805486285
12 4 128 82 0.20448877805486285 0.09637106464792117 0.2022423069741973 0.1310032011760886 0.0968782095948715 82 4161 0.01970680124969959 0.20448877805486285
1 4 1024 0 0 0.0 0 0 0 27 4161 0.006488824801730353 0.2647058823529412
21 4 1024 27 0.2621359223300971 0.024753664984378754 0.2394048312077508 0.04523569406942321 0.02497761511044294 27 4161 0.006488824801730353 0.2647058823529412
22 4 1024 0 0.0 0.004085556356645037 0 0 0 27 4161 0.006488824801730353 0.2647058823529412
12 4 1024 27 0.2647058823529412 0.024513338139870222 0.24129665919755158 0.04487132487719041 0.024735564917852247 27 4161 0.006488824801730353 0.2647058823529412
1 4 16 0 0.0 0.0038452295121365054 0 0 0 58 4161 0.013938956981494832 0.3020833333333333
21 4 16 58 0.3240223463687151 0.043018505167027155 0.3043392451119422 0.07595316392261292 0.04339108247877656 58 4161 0.013938956981494832 0.3020833333333333
22 4 16 0 0.0 0.004085556356645037 0 0 0 58 4161 0.013938956981494832 0.3020833333333333
12 4 16 58 0.3020833333333333 0.046142754145638065 0.28635718573896735 0.08005693704574374 0.046533103103828674 58 4161 0.013938956981494832 0.3020833333333333
1 6 4 3 0.0625 0.011535688536409516 0.05988068329195539 0.019476567255021303 0.011629580586660524 57 4161 0.0136986301369863 0.2425531914893617
21 6 4 55 0.2849740932642487 0.0463830809901466 0.2711637418100009 0.07978083756726692 0.046770786523030024 57 4161 0.0136986301369863 0.2425531914893617
22 6 4 0 0.0 0.004085556356645037 0 0 0 57 4161 0.0136986301369863 0.2425531914893617
12 6 4 57 0.2425531914893617 0.056476808459504924 0.23489077599316768 0.09162044035266517 0.05690906777352808 57 4161 0.0136986301369863 0.2425531914893617
1 6 512 0 0.0 0.0026435952895938475 0 0 0 79 4161 0.018985820716173996 0.2947761194029851
21 6 512 79 0.3038461538461538 0.06248497957221821 0.29265372206177165 0.10365387478268769 0.06298031239089846 79 4161 0.018985820716173996 0.2947761194029851
22 6 512 0 0.0 0.004085556356645037 0 0 0 79 4161 0.018985820716173996 0.2947761194029851
12 6 512 79 0.2947761194029851 0.06440759432828647 0.2846941980282831 0.10571648986500824 0.0649098444365306 79 4161 0.018985820716173996 0.2947761194029851
1 6 8 0 0.0 0.0009613073780341264 0 0 0 63 4161 0.01514059120403749 0.3165829145728643
21 6 8 63 0.3197969543147208 0.04734438836818072 0.3025580473096707 0.08247826895983412 0.047747144919102716 63 4161 0.01514059120403749 0.3165829145728643
22 6 8 0 0.0 0.004085556356645037 0 0 0 63 4161 0.01514059120403749 0.3165829145728643
12 6 8 63 0.3165829145728643 0.047825042057197786 0.29989676103436014 0.08309692984781802 0.04823043249839329 63 4161 0.01514059120403749 0.3165829145728643
1 6 64 0 0.0 0.0014419610670511895 0 0 0 76 4161 0.0182648401826484 0.29118773946360155
21 6 64 76 0.296875 0.06152367219418409 0.28604118060460243 0.101924708988611 0.06201040003110214 76 4161 0.0182648401826484 0.29118773946360155
22 6 64 0 0.0 0.004085556356645037 0 0 0 76 4161 0.0182648401826484 0.29118773946360155
12 6 64 76 0.29118773946360155 0.06272530641672674 0.2810524083039857 0.10321654087215791 0.06321638386252358 76 4161 0.0182648401826484 0.29118773946360155
1 6 256 0 0.0 0.002403268445085316 0 0 0 82 4161 0.01970680124969959 0.296028880866426
21 6 256 82 0.3037037037037037 0.06488824801730353 0.2930259217355274 0.10693017662315081 0.0653974047395527 82 4161 0.01970680124969959 0.296028880866426
22 6 256 0 0.0 0.004085556356645037 0 0 0 82 4161 0.01970680124969959 0.296028880866426
12 6 256 82 0.296028880866426 0.06657053592886325 0.28625964580934954 0.10869736870440336 0.0670853806784814 82 4161 0.01970680124969959 0.296028880866426
1 6 32 3 0.047619047619047616 0.01514059120403749 0.046628707103128365 0.022975929978118162 0.015243529944444844 52 4161 0.012496995914443643 0.21940928270042195
21 6 32 49 0.2737430167597765 0.043018505167027155 0.2599395127155633 0.07435256220065274 0.04338051806721346 52 4161 0.012496995914443643 0.21940928270042195
22 6 32 0 0.0 0.004085556356645037 0 0 0 52 4161 0.012496995914443643 0.21940928270042195
12 6 32 52 0.21940928270042195 0.05695746214852199 0.21338350071795043 0.09043776899622441 0.05737808636362567 52 4161 0.012496995914443643 0.21940928270042195
1 6 2 0 0 0.0 0 0 0 123 4161 0.029560201874549386 0.3203125
21 6 2 123 0.31865284974093266 0.0927661619802932 0.31115129492104 0.14369876467730733 0.0934218540616649 123 4161 0.029560201874549386 0.3203125
22 6 2 0 0.0 0.004085556356645037 0 0 0 123 4161 0.029560201874549386 0.3203125
12 6 2 123 0.3203125 0.09228550829127613 0.3126634329577583 0.14328814623691144 0.09294059144140257 123 4161 0.029560201874549386 0.3203125
1 6 128 0 0.0 0.002883922134102379 0 0 0 91 4161 0.021869742850276375 0.310580204778157
21 6 128 91 0.3204225352112676 0.06825282384042297 0.30911492327738715 0.11253475344377507 0.06878882581756968 91 4161 0.021869742850276375 0.310580204778157
22 6 128 0 0.0 0.004085556356645037 0 0 0 91 4161 0.021869742850276375 0.310580204778157
12 6 128 91 0.310580204778157 0.07041576544099976 0.3004348388267105 0.11480301399354144 0.07095904242078373 91 4161 0.021869742850276375 0.310580204778157
1 6 1024 0 0.0 0.0014419610670511895 0 0 0 111 4161 0.026676279740447006 0.33035714285714285
21 6 1024 111 0.3333333333333333 0.08002883922134102 0.3232046588058927 0.12906976744186047 0.0806355325714039 111 4161 0.026676279740447006 0.33035714285714285
22 6 1024 0 0.0 0.004085556356645037 0 0 0 111 4161 0.026676279740447006 0.33035714285714285
12 6 1024 111 0.33035714285714285 0.08074981975486661 0.3205467638902397 0.1297778056151449 0.081358451953214 111 4161 0.026676279740447006 0.33035714285714285
1 6 16 3 0.04411764705882353 0.016342225426580148 0.043387529138756285 0.023849886011574208 0.01644473248177862 99 4161 0.023792357606344627 0.28205128205128205
21 6 16 99 0.336734693877551 0.07065609228550829 0.3246307039260722 0.11680361173814899 0.07121322849697735 99 4161 0.023792357606344627 0.28205128205128205
22 6 16 0 0.0 0.004085556356645037 0 0 0 99 4161 0.023792357606344627 0.28205128205128205
12 6 16 99 0.28205128205128205 0.08435472242249459 0.2756549049213563 0.1298688193743693 0.08494422200628257 99 4161 0.023792357606344627 0.28205128205128205
1 1 4 2 0.04081632653061224 0.011776015380918048 0.0398434921222758 0.018278466846964467 0.011859559238486412 149 4161 0.03580869983177121 0.3225108225108225
21 1 4 149 0.35391923990498814 0.1011776015380918 0.34537714028753347 0.1573673845690704 0.10189807373217326 149 4161 0.03580869983177121 0.3225108225108225
22 1 4 0 0.0 0.004085556356645037 0 0 0 149 4161 0.03580869983177121 0.3225108225108225
12 1 4 149 0.3225108225108225 0.1110310021629416 0.3165413797761458 0.16519144310340483 0.11175656715329678 149 4161 0.03580869983177121 0.3225108225108225
1 1 512 0 0.0 0.0067291516462388845 0 0 0 145 4161 0.03484739245373708 0.3625
21 1 512 145 0.3815789473684211 0.091324200913242 0.369937670112598 0.14737644517850335 0.09201721592158586 145 4161 0.03484739245373708 0.3625
22 1 512 0 0.0 0.004085556356645037 0 0 0 145 4161 0.03484739245373708 0.3625
12 1 512 145 0.3625 0.09613073780341264 0.3528204708147666 0.15196274292750983 0.09683524948549041 145 4161 0.03484739245373708 0.3625
1 1 8 19 0.04773869346733668 0.09565008411439557 0.04797663036162222 0.06368992221946157 0.09470897922498954 19 4161 0.0045662100456621 0.04702970297029703
21 1 8 0 0.0 0.0019226147560682527 0 0 0 19 4161 0.0045662100456621 0.04702970297029703
22 1 8 0 0.0 0.002883922134102379 0 0 0 19 4161 0.0045662100456621 0.04702970297029703
12 1 8 19 0.04702970297029703 0.09709204518144676 0.047271027341035506 0.06336600969972139 0.09607942183505602 19 4161 0.0045662100456621 0.04702970297029703
1 1 64 1 0.012987012987012988 0.018505167027156932 0.013025469759371322 0.015262636273538155 0.0184276435979518 143 4161 0.03436673876472002 0.2966804979253112
21 1 64 143 0.3412887828162291 0.10069694784907474 0.33340179558036165 0.1555106257072558 0.10140472360428603 143 4161 0.03436673876472002 0.2966804979253112
22 1 64 0 0.0 0.004085556356645037 0 0 0 143 4161 0.03436673876472002 0.2966804979253112
12 1 64 143 0.2966804979253112 0.11583753905311223 0.292164452698053 0.16661932659452441 0.11654088590228676 143 4161 0.03436673876472002 0.2966804979253112
1 1 256 0 0.0 0.017303532804614274 0 0 0 146 4161 0.03508771929824561 0.33031674208144796
21 1 256 147 0.3828125 0.09228550829127613 0.3712410548048686 0.14871898229931116 0.09298420416975159 146 4161 0.03508771929824561 0.33031674208144796
22 1 256 0 0.0 0.004085556356645037 0 0 0 146 4161 0.03508771929824561 0.33031674208144796
12 1 256 146 0.33031674208144796 0.10622446527277096 0.3235584995283437 0.1607532975450571 0.10694279936239913 146 4161 0.03508771929824561 0.33031674208144796
1 1 32 11 0.04119850187265917 0.06416726748377793 0.041345031709467926 0.050179395181957964 0.06381501203965503 68 4161 0.016342225426580148 0.14468085106382977
21 1 32 62 0.26495726495726496 0.05623648161499639 0.25556589231653093 0.09278053834199873 0.05667854770649824 68 4161 0.016342225426580148 0.14468085106382977
22 1 32 0 0.0 0.004085556356645037 0 0 0 68 4161 0.016342225426580148 0.14468085106382977
12 1 32 68 0.14468085106382977 0.11295361691900985 0.1442796005247051 0.12686365729346946 0.11319939542076822 68 4161 0.016342225426580148 0.14468085106382977
1 1 2 0 0 0.0 0 0 0 134 4161 0.03220379716414323 0.35924932975871315
21 1 2 134 0.35733333333333334 0.09012256669069935 0.347142565762663 0.1439417701829994 0.09079479999516976 134 4161 0.03220379716414323 0.35924932975871315
22 1 2 0 0.0 0.004085556356645037 0 0 0 134 4161 0.03220379716414323 0.35924932975871315
12 1 2 134 0.35924932975871315 0.08964191300168228 0.3488608597064616 0.14348151220821498 0.09031297810996455 134 4161 0.03220379716414323 0.35924932975871315
1 1 128 5 0.03067484662576687 0.03917327565489065 0.030740876982341223 0.0344070587241947 0.039066115063151705 74 4161 0.017784186493631338 0.21082621082621084
21 1 128 72 0.3444976076555024 0.0502283105022831 0.32561017307911494 0.0876736591575801 0.05065673526485673 74 4161 0.017784186493631338 0.21082621082621084
22 1 128 0 0.0 0.004085556356645037 0 0 0 74 4161 0.017784186493631338 0.21082621082621084
12 1 128 74 0.21082621082621084 0.08435472242249459 0.20774240510027941 0.12049685118819804 0.08485873713848027 74 4161 0.017784186493631338 0.21082621082621084
1 1 1024 0 0.0 0.0014419610670511895 0 0 0 129 4161 0.031002162941600575 0.3816568047337278
21 1 1024 129 0.38392857142857145 0.08074981975486661 0.3701680541170329 0.13343492415321742 0.08138614245720509 129 4161 0.031002162941600575 0.3816568047337278
22 1 1024 0 0.0 0.004085556356645037 0 0 0 129 4161 0.031002162941600575 0.3816568047337278
12 1 1024 129 0.3816568047337278 0.08123047344388368 0.3681748832409274 0.13395124214109394 0.08186853211376208 129 4161 0.031002162941600575 0.3816568047337278
1 1 16 7 0.03482587064676617 0.04830569574621485 0.03492235748951828 0.04047290300310666 0.04812127996976737 49 4161 0.011776015380918048 0.13387978142076504
21 1 16 44 0.23783783783783785 0.044460466234078344 0.22801854013108558 0.07491636333515868 0.04482128375845878 49 4161 0.011776015380918048 0.13387978142076504
22 1 16 0 0.0 0.004085556356645037 0 0 0 49 4161 0.011776015380918048 0.13387978142076504
12 1 16 49 0.13387978142076504 0.08795962509012256 0.13319132799769168 0.1061670292589797 0.08825935337654757 49 4161 0.011776015380918048 0.13387978142076504
1 2 4 4 0.03669724770642202 0.026195626051429943 0.036552163779192924 0.030569675723049954 0.026270058540304397 100 4161 0.02403268445085316 0.2604166666666667
21 2 4 97 0.3299319727891156 0.07065609228550829 0.31836508398107394 0.11638741115756868 0.07121015415889623 100 4161 0.02403268445085316 0.2604166666666667
22 2 4 0 0.0 0.004085556356645037 0 0 0 100 4161 0.02403268445085316 0.2604166666666667
12 2 4 100 0.2604166666666667 0.09228550829127613 0.2558024495933833 0.13627749504929412 0.09287922137785405 100 4161 0.02403268445085316 0.2604166666666667
1 2 512 1 0.020833333333333332 0.011535688536409516 0.020668397559696624 0.014849187935034805 0.011586887314652825 78 4161 0.018745493871665464 0.2857142857142857
21 2 512 78 0.33476394849785407 0.05599615477048786 0.3190383939536884 0.09594374510026475 0.056461672559555275 78 4161 0.018745493871665464 0.2857142857142857
22 2 512 0 0.0 0.004085556356645037 0 0 0 78 4161 0.018745493871665464 0.2857142857142857
12 2 512 78 0.2857142857142857 0.06560922855082912 0.27652916929927485 0.10671357373204339 0.06611350287911322 78 4161 0.018745493871665464 0.2857142857142857
1 2 8 8 0.049079754601226995 0.03917327565489065 0.048957173253319095 0.04357050971482032 0.03925171866343165 69 4161 0.01658255227108868 0.2292358803986711
21 2 8 64 0.4 0.038452295121365054 0.36593374244242655 0.07016005262003946 0.03879951980792316 69 4161 0.01658255227108868 0.2292358803986711
22 2 8 0 0.0 0.004085556356645037 0 0 0 69 4161 0.01658255227108868 0.2292358803986711
12 2 8 69 0.2292358803986711 0.07233838019706801 0.2244166146279601 0.10997325990839532 0.0728319333079203 69 4161 0.01658255227108868 0.2292358803986711
1 2 64 4 0.0547945205479452 0.017543859649122806 0.053666312433581304 0.026578073089700997 0.01766274646963669 88 4161 0.02114876231675078 0.2962962962962963
21 2 64 85 0.3617021276595745 0.056476808459504924 0.34333074945734354 0.09769876011836344 0.05695264967193595 88 4161 0.02114876231675078 0.2962962962962963
22 2 64 0 0.0 0.004085556356645037 0 0 0 88 4161 0.02114876231675078 0.2962962962962963
12 2 64 88 0.2962962962962963 0.07137707281903388 0.28733171453612844 0.11504103420727722 0.0719175957701032 88 4161 0.02114876231675078 0.2962962962962963
1 2 256 4 0.03571428571428571 0.026916606584955538 0.03559908232917192 0.030697546937097437 0.026982415632245325 43 4161 0.010334054313866858 0.19545454545454546
21 2 256 40 0.3389830508474576 0.028358567652006728 0.30581714608298477 0.052338604156040004 0.028618211969270602 43 4161 0.010334054313866858 0.19545454545454546
22 2 256 0 0.0 0.004085556356645037 0 0 0 43 4161 0.010334054313866858 0.19545454545454546
12 2 256 43 0.19545454545454546 0.05287190579187695 0.19037151994561383 0.08322958961477721 0.0532565618955782 43 4161 0.010334054313866858 0.19545454545454546
1 2 32 10 0.05181347150259067 0.0463830809901466 0.051753480012000495 0.048948122598561995 0.04643126217620727 72 4161 0.017303532804614274 0.2011173184357542
21 2 32 64 0.3404255319148936 0.04518144676760394 0.31973865894318526 0.07977510210576566 0.0455727768180779 72 4161 0.017303532804614274 0.2011173184357542
22 2 32 0 0.0 0.004085556356645037 0 0 0 72 4161 0.017303532804614274 0.2011173184357542
12 2 32 72 0.2011173184357542 0.08603701033405431 0.19848868465305558 0.12051730425756739 0.08652722119491757 72 4161 0.017303532804614274 0.2011173184357542
1 2 2 4 0.03278688524590164 0.029319875030040854 0.032748544228607276 0.03095660999746257 0.029350604186069777 115 4161 0.027637587118481133 0.2595936794582393
21 2 2 113 0.3353115727002967 0.08099014659937515 0.32520087565050854 0.13046755355778553 0.081602946767361 115 4161 0.027637587118481133 0.2595936794582393
22 2 2 0 0.0 0.004085556356645037 0 0 0 115 4161 0.027637587118481133 0.2595936794582393
12 2 2 115 0.2595936794582393 0.1064647921172795 0.25594880272829273 0.15100094255176624 0.10709024058546426 115 4161 0.027637587118481133 0.2595936794582393
1 2 128 4 0.027777777777777776 0.03460706560922855 0.027832157394065 0.030818619582664526 0.03452302959523742 79 4161 0.018985820716173996 0.2289855072463768
21 2 128 76 0.34545454545454546 0.05287190579187695 0.3275102225732104 0.09170789499665419 0.05331901995453397 79 4161 0.018985820716173996 0.2289855072463768
22 2 128 0 0.0 0.004085556356645037 0 0 0 79 4161 0.018985820716173996 0.2289855072463768
12 2 128 79 0.2289855072463768 0.0829127613554434 0.22505974261437067 0.12174367495711834 0.08343976411695034 79 4161 0.018985820716173996 0.2289855072463768
1 2 1024 2 0.024096385542168676 0.019947128094208122 0.02404686025397937 0.021826309907303925 0.019981193890040265 32 4161 0.007690459024273011 0.16753926701570682
21 2 1024 30 0.2631578947368421 0.0273972602739726 0.2424969987995198 0.04962779156327544 0.027642454431003338 32 4161 0.007690459024273011 0.16753926701570682
22 2 1024 0 0.0 0.004085556356645037 0 0 0 32 4161 0.007690459024273011 0.16753926701570682
12 2 1024 32 0.16753926701570682 0.045902427301129534 0.1632559797654322 0.07206145030742839 0.046234777478581165 32 4161 0.007690459024273011 0.16753926701570682
1 2 16 11 0.05314009661835749 0.04974765681326604 0.053104241813797456 0.05138794854434665 0.04977912093834802 108 4161 0.02595529920692141 0.22085889570552147
21 2 16 98 0.3181818181818182 0.07402066810862773 0.3081189766345421 0.12010138428543575 0.07458735745729712 108 4161 0.02595529920692141 0.22085889570552147
22 2 16 0 0.0 0.003604902667627974 0 0 0 108 4161 0.02595529920692141 0.22085889570552147
12 2 16 108 0.22085889570552147 0.11751982696467195 0.21895263540552204 0.15340975934955098 0.11806678753544236 108 4161 0.02595529920692141 0.22085889570552147
1 9 4 1 0.09090909090909091 0.0026435952895938475 0.06832298136645963 0.005137786081270434 0.002669255035185634 67 4161 0.016101898582071617 0.3284313725490196
21 9 4 66 0.3402061855670103 0.04662340783465513 0.3202406205100953 0.08200805733646745 0.0470251964383142 67 4161 0.016101898582071617 0.3284313725490196
22 9 4 0 0.0 0.004085556356645037 0 0 0 67 4161 0.016101898582071617 0.3284313725490196
12 9 4 67 0.3284313725490196 0.049026676279740444 0.3108891184484595 0.08531755320643064 0.04944313667510066 67 4161 0.016101898582071617 0.3284313725490196
1 9 512 3 0.13043478260869565 0.0055275174236962266 0.10658733921661594 0.010605594835536428 0.005580427744711246 101 4161 0.02427301129536169 0.2988165680473373
21 9 512 99 0.3113207547169811 0.07642393655371305 0.3021265278512978 0.12272177101057764 0.07699915612108617 101 4161 0.02427301129536169 0.2988165680473373
22 9 512 0 0.0 0.004085556356645037 0 0 0 101 4161 0.02427301129536169 0.2988165680473373
12 9 512 101 0.2988165680473373 0.08123047344388368 0.2910963851139345 0.1277368780460426 0.08182035723296421 101 4161 0.02427301129536169 0.2988165680473373
1 9 8 0 0.0 0.0016822879115597211 0 0 0 59 4161 0.014179283826003364 0.30256410256410254
21 9 8 59 0.31216931216931215 0.04542177361211247 0.29501553201370806 0.0793044591423085 0.04580933709179036 59 4161 0.014179283826003364 0.30256410256410254
22 9 8 0 0.0 0.004085556356645037 0 0 0 59 4161 0.014179283826003364 0.30256410256410254
12 9 8 59 0.30256410256410254 0.04686373467916366 0.28705664205944714 0.08115715071739958 0.04725917294769688 59 4161 0.014179283826003364 0.30256410256410254
1 9 64 1 0.14285714285714285 0.0016822879115597211 0.07802670786888864 0.00332541567695962 0.0016989107266868356 113 4161 0.02715693342946407 0.3070652173913043
21 9 64 112 0.3076923076923077 0.0874789714011055 0.3002098627318085 0.13622754491017963 0.08810327763172715 113 4161 0.02715693342946407 0.3070652173913043
22 9 64 0 0.0 0.004085556356645037 0 0 0 113 4161 0.02715693342946407 0.3070652173913043
12 9 64 113 0.3070652173913043 0.08844027877913962 0.29972925068186873 0.1373277170224746 0.0890681493544528 113 4161 0.02715693342946407 0.3070652173913043
1 9 256 0 0.0 0.0002403268445085316 0 0 0 120 4161 0.02883922134102379 0.32608695652173914
21 9 256 120 0.32608695652173914 0.08844027877913962 0.31763630096597856 0.1391427095017834 0.0890830732573739 120 4161 0.02883922134102379 0.32608695652173914
22 9 256 0 0.0 0.004085556356645037 0 0 0 120 4161 0.02883922134102379 0.32608695652173914
12 9 256 120 0.32608695652173914 0.08844027877913962 0.31763630096597856 0.1391427095017834 0.0890830732573739 120 4161 0.02883922134102379 0.32608695652173914
1 9 32 4 0.16666666666666666 0.005767844268204758 0.13059641183125908 0.011149825783972125 0.005823507365871941 51 4161 0.012256669069935111 0.30538922155688625
21 9 32 47 0.32867132867132864 0.03436673876472002 0.30298192296516746 0.06222687208354936 0.03467414994900432 51 4161 0.012256669069935111 0.30538922155688625
22 9 32 0 0.0 0.004085556356645037 0 0 0 51 4161 0.012256669069935111 0.30538922155688625
12 9 32 51 0.30538922155688625 0.040134583032924775 0.2866328503011052 0.07094543940024989 0.04048272602522407 51 4161 0.012256669069935111 0.30538922155688625
1 9 2 0 0 0.0 0 0 0 87 4161 0.02090843547224225 0.3258426966292135
21 9 2 87 0.3258426966292135 0.06416726748377793 0.3131969199457422 0.10722000664672647 0.06468156460898794 87 4161 0.02090843547224225 0.3258426966292135
22 9 2 0 0.0 0.004085556356645037 0 0 0 87 4161 0.02090843547224225 0.3258426966292135
12 9 2 87 0.3258426966292135 0.06416726748377793 0.3131969199457422 0.10722000664672647 0.06468156460898794 87 4161 0.02090843547224225 0.3258426966292135
1 9 128 1 0.05 0.004806536890170632 0.04574171780530332 0.008770006577504933 0.004849939975990395 97 4161 0.023311703917327564 0.30030959752321984
21 9 128 96 0.31475409836065577 0.07329968757510213 0.3048127614678937 0.11890814061862286 0.07386067828253343 97 4161 0.023311703917327564 0.30030959752321984
22 9 128 0 0.0 0.004085556356645037 0 0 0 97 4161 0.023311703917327564 0.30030959752321984
12 9 128 97 0.30030959752321984 0.0776255707762557 0.2920155064583944 0.12336350714446025 0.07819969189465069 97 4161 0.023311703917327564 0.30030959752321984
1 9 1024 1 0.08333333333333333 0.002883922134102379 0.06529820591562954 0.005574912891986063 0.0029117536829359704 128 4161 0.030761836097092043 0.3192019950124688
21 9 1024 127 0.3231552162849873 0.09444844989185291 0.3155888994335377 0.1461745273072327 0.09511494231728136 128 4161 0.030761836097092043 0.3192019950124688
22 9 1024 0 0.0 0.004085556356645037 0 0 0 128 4161 0.030761836097092043 0.3192019950124688
12 9 1024 128 0.3192019950124688 0.09637106464792117 0.31205797393176354 0.14804538158575964 0.09704179401137754 128 4161 0.030761836097092043 0.3192019950124688
1 9 16 1 0.14285714285714285 0.0016822879115597211 0.07802670786888864 0.00332541567695962 0.0016989107266868356 98 4161 0.023552030761836096 0.30246913580246915
21 9 16 98 0.3072100313479624 0.07666426339822158 0.29832751284548065 0.12270699593161662 0.07723815820820581 98 4161 0.023552030761836096 0.30246913580246915
22 9 16 0 0.0 0.004085556356645037 0 0 0 98 4161 0.023552030761836096 0.30246913580246915
12 9 16 98 0.30246913580246915 0.07786589762076424 0.29407068695830624 0.12384886319755671 0.07844261847580995 98 4161 0.023552030761836096 0.30246913580246915
1 10 4 3 0.05084745762711865 0.014179283826003364 0.04957804444469095 0.022174893510398395 0.014281252072047746 75 4161 0.01802451333813987 0.24193548387096775
21 10 4 72 0.27692307692307694 0.06248497957221821 0.26782284301982323 0.10196300572997233 0.06296774881106211 75 4161 0.01802451333813987 0.24193548387096775
22 10 4 0 0.0 0.004085556356645037 0 0 0 75 4161 0.01802451333813987 0.24193548387096775
12 10 4 75 0.24193548387096775 0.07450132179764479 0.23666924509238238 0.11392172475041341 0.07501533369963836 75 4161 0.01802451333813987 0.24193548387096775
1 10 512 0 0.0 0.0021629416005767843 0 0 0 41 4161 0.009853400624849795 0.20297029702970298
21 10 512 41 0.21243523316062177 0.0463830809901466 0.20516308428620608 0.07614144815973056 0.04674484915760917 41 4161 0.009853400624849795 0.20297029702970298
22 10 512 0 0.0 0.004085556356645037 0 0 0 41 4161 0.009853400624849795 0.20297029702970298
12 10 512 41 0.20297029702970298 0.04854602259072338 0.19677294830088252 0.07835197843002767 0.04891449013455662 41 4161 0.009853400624849795 0.20297029702970298
1 10 8 0 0.0 0.0009613073780341264 0 0 0 46 4161 0.011055034847392453 0.22660098522167488
21 10 8 46 0.23 0.04806536890170632 0.22169171872159366 0.07951392790161016 0.04844478274923621 46 4161 0.011055034847392453 0.22660098522167488
22 10 8 0 0.0 0.004085556356645037 0 0 0 46 4161 0.011055034847392453 0.22660098522167488
12 10 8 46 0.22660098522167488 0.04878634943523191 0.21870850537972028 0.08028716978698708 0.04916835528911793 46 4161 0.011055034847392453 0.22660098522167488
1 10 64 1 0.034482758620689655 0.006969478490747416 0.03318566524285925 0.011595361855257896 0.007024974756620242 90 4161 0.021629416005767843 0.23809523809523808
21 10 64 90 0.254957507082153 0.08483537611151165 0.2499939620066083 0.12730941155963044 0.0853995686174304 90 4161 0.021629416005767843 0.23809523809523808
22 10 64 0 0.0 0.004085556356645037 0 0 0 90 4161 0.021629416005767843 0.23809523809523808
12 10 64 90 0.23809523809523808 0.09084354722422494 0.2343344320253374 0.1315102807640121 0.09140324012491634 90 4161 0.021629416005767843 0.23809523809523808
1 10 256 1 0.058823529411764705 0.004085556356645037 0.05193430325761471 0.007640449438202247 0.004123547932342113 45 4161 0.010814708002883922 0.20361990950226244
21 10 256 44 0.2146341463414634 0.049267003124248976 0.20773060098723453 0.08013895490628983 0.049645716652339106 45 4161 0.010814708002883922 0.20361990950226244
22 10 256 0 0.0 0.004085556356645037 0 0 0 45 4161 0.010814708002883922 0.20361990950226244
12 10 256 45 0.20361990950226244 0.05311223263638548 0.19806284131724425 0.08424896012470032 0.05350379562167437 45 4161 0.010814708002883922 0.20361990950226244
1 10 32 2 0.11764705882352941 0.004085556356645037 0.09225726720756541 0.007896876088723725 0.0041249794291576235 45 4161 0.010814708002883922 0.17928286852589642
21 10 32 43 0.18376068376068377 0.05623648161499639 0.17972550469774373 0.08611813641790661 0.056625554631355685 45 4161 0.010814708002883922 0.17928286852589642
22 10 32 0 0.0 0.004085556356645037 0 0 0 45 4161 0.010814708002883922 0.17928286852589642
12 10 32 45 0.17928286852589642 0.06032203797164143 0.17584928811401274 0.09027117316560504 0.06072095485184538 45 4161 0.010814708002883922 0.17928286852589642
1 10 2 3 0.024193548387096774 0.029800528719057917 0.02423870205659955 0.026705911913564737 0.02973230479964801 85 4161 0.020427781783225185 0.20094562647754138
21 10 2 85 0.2672955974842767 0.07642393655371305 0.2608453877452744 0.1188630831843697 0.07696811220778658 85 4161 0.020427781783225185 0.20094562647754138
22 10 2 0 0.0 0.004085556356645037 0 0 0 85 4161 0.020427781783225185 0.20094562647754138
12 10 2 85 0.20094562647754138 0.10165825522710886 0.19902107709470018 0.1350133492548074 0.10215802104844206 85 4161 0.020427781783225185 0.20094562647754138
1 10 128 0 0.0 0.001201634222542658 0 0 0 37 4161 0.008892093246815669 0.21142857142857144
21 10 128 37 0.21511627906976744 0.04133621725546743 0.20652001039726486 0.06934690341667529 0.04166950832153236 37 4161 0.008892093246815669 0.21142857142857144
22 10 128 0 0.0 0.004085556356645037 0 0 0 37 4161 0.008892093246815669 0.21142857142857144
12 10 128 37 0.21142857142857144 0.04205719778899303 0.20332154292751312 0.07015852033242677 0.042393441082046436 37 4161 0.008892093246815669 0.21142857142857144
1 10 1024 0 0.0 0.003604902667627974 0 0 0 42 4161 0.010093727469358327 0.18666666666666668
21 10 1024 43 0.2028301886792453 0.0509492910358087 0.19701527157442358 0.08144121286299454 0.05132984755071626 42 4161 0.010093727469358327 0.18666666666666668
22 10 1024 0 0.0 0.004085556356645037 0 0 0 42 4161 0.010093727469358327 0.18666666666666668
12 10 1024 42 0.18666666666666668 0.05407354001441961 0.18224217157743874 0.08385576807890428 0.054456525925260284 42 4161 0.010093727469358327 0.18666666666666668
1 10 16 2 0.04878048780487805 0.009853400624849795 0.046944258652549004 0.016395081475557332 0.009931872773213444 71 4161 0.017063205960105743 0.2204968944099379
21 10 16 69 0.24381625441696114 0.06801249699591444 0.2377320227111615 0.10635678843566686 0.06850153706077966 71 4161 0.017063205960105743 0.2204968944099379
22 10 16 0 0.0 0.004085556356645037 0 0 0 71 4161 0.017063205960105743 0.2204968944099379
12 10 16 71 0.2204968944099379 0.07738524393174717 0.2165321262124278 0.1145634716810944 0.0778857497663153 71 4161 0.017063205960105743 0.2204968944099379
