1 8 4 71 0.9861111111111112 0.017303532804614274 0.6344216428226498 0.03401027892819719 0.017473502014533227 271 4161 0.06512857486181206 0.3657219973009447
2 8 4 3514 0.9750277469478358 0.8661379476087478 0.9738155994080545 0.9173628795059283 0.867096721928618 271 4161 0.06512857486181206 0.3657219973009447
12 8 4 271 0.3657219973009447 0.1780821917808219 0.3619460411786187 0.23952950775088383 0.17899144488269975 271 4161 0.06512857486181206 0.3657219973009447
1 8 512 18 1.0 0.004325883201153569 0.30498238550578755 0.008614501076812633 0.004368953037359595 178 4161 0.04277817832251862 0.3079584775086505
2 8 512 3605 0.9782903663500678 0.885604422013939 0.9772776898933011 0.9296428960067014 0.8864359408371214 178 4161 0.04277817832251862 0.3079584775086505
12 8 512 178 0.3079584775086505 0.13890891612593126 0.3042919661209981 0.19145804295356467 0.1396680134608812 178 4161 0.04277817832251862 0.3079584775086505
1 8 8 0 0 0.0 0 0 0 0 4161 0.0 0.0
2 8 8 143 0.9225806451612903 0.037250660898822396 0.746838306161454 0.07160995593233481 0.03760798268665166 0 4161 0.0 0.0
12 8 8 0 0.0 0.002403268445085316 0 0 0 0 4161 0.0 0.0
1 8 64 545 0.9749552772808586 0.13434270608026916 0.9180778524306936 0.2361459810109657 0.13549942345660052 11 4161 0.0026435952895938475 0.2558139534883721
2 8 64 486 0.9510763209393346 0.12280701754385964 0.8915418186724511 0.21752613574602767 0.12387513487926391 11 4161 0.0026435952895938475 0.2558139534883721
12 8 64 11 0.2558139534883721 0.010334054313866858 0.2071044908115888 0.019865602687946238 0.010433180190476022 11 4161 0.0026435952895938475 0.2558139534883721
1 8 256 19 0.95 0.004806536890170632 0.3223611822709748 0.009564681156319612 0.004854356652289946 249 4161 0.059841384282624366 0.3977635782747604
2 8 256 3578 0.9794689296468656 0.877913962989666 0.9783484050892207 0.9259151175134642 0.8788161304313343 249 4161 0.059841384282624366 0.3977635782747604
12 8 256 249 0.3977635782747604 0.15044460466234078 0.3913930917673911 0.21831627525884736 0.15137650511376952 249 4161 0.059841384282624366 0.3977635782747604
1 8 32 796 0.9754901960784313 0.19610670511896178 0.9385585425660875 0.3265631174566592 0.19767038746509533 51 4161 0.012256669069935111 0.22270742358078602
2 8 32 2035 0.9626300851466414 0.5080509492910358 0.9541771049908762 0.6650866056239836 0.5104375033163678 51 4161 0.012256669069935111 0.22270742358078602
12 8 32 51 0.22270742358078602 0.055034847392453734 0.21618617413853428 0.08825929900397503 0.0554481738606657 51 4161 0.012256669069935111 0.22270742358078602
1 8 2 881 0.9734806629834254 0.2174957942802211 0.9410934471664 0.35555354385170035 0.21918105623080913 139 4161 0.03340543138668589 0.26325757575757575
2 8 2 2684 0.9424157303370787 0.684450853160298 0.9389120711122939 0.7929811297423319 0.6863108729213644 139 4161 0.03340543138668589 0.26325757575757575
12 8 2 139 0.26325757575757575 0.12689257390050468 0.2604859812138261 0.1712439757665695 0.12754671274775414 139 4161 0.03340543138668589 0.26325757575757575
1 8 128 965 0.977710233029382 0.23720259552992068 0.9483960059454455 0.3817811442912304 0.23899479543981975 66 4161 0.015861571737563085 0.21639344262295082
2 8 128 1962 0.9482841952634122 0.49723624128815186 0.9398431939234768 0.6523896266047969 0.4995889907916232 66 4161 0.015861571737563085 0.21639344262295082
12 8 128 66 0.21639344262295082 0.07329968757510213 0.2122902006301264 0.10950602609540024 0.07378275760393747 66 4161 0.015861571737563085 0.21639344262295082
1 8 1024 300 0.9803921568627451 0.07354001441961067 0.87371724196421 0.1368172550702865 0.07421974173086028 123 4161 0.029560201874549386 0.3170103092783505
2 8 1024 2757 0.9687280393534786 0.6839701994712809 0.9647512509250834 0.8018174095486249 0.6859666356826308 123 4161 0.029560201874549386 0.3170103092783505
12 8 1024 123 0.3170103092783505 0.09324681566931026 0.30965316333083925 0.14410573309760594 0.093903073169808 123 4161 0.029560201874549386 0.3170103092783505
1 8 16 431 0.9729119638826185 0.1064647921172795 0.9003628254000284 0.19192718280693996 0.10741190026037714 232 4161 0.05575582792597933 0.3790849673202614
2 8 16 3094 0.9632627646326276 0.7719298245614035 0.9609046178678018 0.8570475249145383 0.7734509196311126 232 4161 0.05575582792597933 0.3790849673202614
12 8 16 232 0.3790849673202614 0.14708002883922133 0.37325550669874186 0.21193286643142453 0.14797669881369205 232 4161 0.05575582792597933 0.3790849673202614
1 3 4 1834 0.9797008547008547 0.44989185291997114 0.9684094274903604 0.61662238549352 0.45231368596635174 208 4161 0.04998798365777457 0.33986928104575165
2 3 4 1970 0.9074159373560571 0.5217495794280221 0.9008231689076065 0.6625459096538445 0.5239544215118136 208 4161 0.04998798365777457 0.33986928104575165
12 3 4 208 0.33986928104575165 0.14708002883922133 0.3355149681022032 0.2053108306882403 0.147910738454793 208 4161 0.04998798365777457 0.33986928104575165
1 3 512 481 0.9776422764227642 0.11824080749819754 0.9120114854176657 0.2109663227851063 0.11927895381040379 177 4161 0.04253785147801009 0.4194312796208531
2 3 512 2802 0.9645438898450946 0.6981494832972843 0.9609136137712357 0.8100060169726094 0.7000638246023885 177 4161 0.04253785147801009 0.4194312796208531
12 3 512 177 0.4194312796208531 0.10141792838260033 0.40680161232494305 0.16334037116450045 0.10218502562666651 177 4161 0.04253785147801009 0.4194312796208531
1 3 8 196 0.9751243781094527 0.04830569574621485 0.8194559087381807 0.09205135304694043 0.048764595706105744 22 4161 0.005287190579187695 0.26506024096385544
2 3 8 1297 0.9643122676579926 0.323239605863975 0.9457413362390373 0.484180752228539 0.3253813165497894 22 4161 0.005287190579187695 0.26506024096385544
12 3 8 22 0.26506024096385544 0.019947128094208122 0.23630968092439925 0.03710213245827026 0.020131449437943455 22 4161 0.005287190579187695 0.26506024096385544
1 3 64 59 0.9833333333333333 0.014419610670511895 0.5904881758681683 0.028422434453771392 0.014561671452135133 28 4161 0.0067291516462388845 0.6222222222222222
2 3 64 533 0.9744058500914077 0.13145878394616678 0.916236160421234 0.2316634499023052 0.13259448626353787 28 4161 0.0067291516462388845 0.6222222222222222
12 3 64 28 0.6222222222222222 0.010814708002883922 0.39892416491122473 0.02125990230568702 0.010920956935335423 28 4161 0.0067291516462388845 0.6222222222222222
1 3 256 444 0.9715536105032823 0.10982936794039894 0.9015204036672968 0.1973493592720634 0.11080240493845149 220 4161 0.05287190579187695 0.4158790170132325
2 3 256 3107 0.9724569640062598 0.7678442682047585 0.9698980003329242 0.8581221366364785 0.7694472169871512 220 4161 0.05287190579187695 0.4158790170132325
12 3 256 220 0.4158790170132325 0.1271329007450132 0.40673270697921626 0.19473571044315843 0.1280128983691364 220 4161 0.05287190579187695 0.4158790170132325
1 3 32 2842 0.9722887444406432 0.7024753664984379 0.9686052685402126 0.8156478725953435 0.7044107758634959 145 4161 0.03484739245373708 0.31317494600431967
2 3 32 899 0.8711240310077519 0.2480173035328046 0.8499809498348918 0.386106430966321 0.24978631116402092 145 4161 0.03484739245373708 0.31317494600431967
12 3 32 145 0.31317494600431967 0.11127132900745013 0.30764789592856157 0.16420166464069344 0.11198615452255598 145 4161 0.03484739245373708 0.31317494600431967
1 3 2 116 0.9586776859504132 0.029079548185532322 0.7281967725100371 0.056446894033383134 0.02936143746931713 148 4161 0.035568372987262675 0.5068493150684932
2 3 2 2633 0.9755464987032234 0.6486421533285268 0.9707027632359375 0.7791959152028283 0.6508013878526121 148 4161 0.035568372987262675 0.5068493150684932
12 3 2 148 0.5068493150684932 0.07017543859649122 0.4774346034686512 0.1232819658475635 0.07077919618167354 148 4161 0.035568372987262675 0.5068493150684932
1 3 128 1163 0.9732217573221758 0.28719057918769525 0.9507357617689464 0.44350584656663794 0.28920905035326655 202 4161 0.04854602259072338 0.4391304347826087
2 3 128 2263 0.9437030859049208 0.5763037731314588 0.9377838147381936 0.7156015723081555 0.5785338011959289 202 4161 0.04854602259072338 0.4391304347826087
12 3 128 202 0.4391304347826087 0.11055034847392453 0.4265771512148666 0.176633508281359 0.11137546609576116 202 4161 0.04854602259072338 0.4391304347826087
1 3 1024 113 0.9741379310344828 0.027877913962989664 0.7291073376756051 0.05420459878961808 0.028148637515522157 150 4161 0.03604902667627974 0.3968253968253968
2 3 1024 3134 0.9726877715704532 0.7743330930064888 0.9702270265065871 0.8622499547217816 0.7758996752107152 150 4161 0.03604902667627974 0.3968253968253968
12 3 1024 150 0.3968253968253968 0.09084354722422494 0.38401882977760343 0.14784220777696946 0.09154241853832523 150 4161 0.03604902667627974 0.3968253968253968
1 3 16 3561 0.9872470196839479 0.8668589281422735 0.9858913845965641 0.9231445423043241 0.8679068029928677 131 4161 0.03148281663061764 0.24531835205992508
2 3 16 319 0.6470588235294118 0.11848113434270607 0.6196865832231174 0.2002880780026592 0.11944722920016461 131 4161 0.03148281663061764 0.24531835205992508
12 3 16 131 0.24531835205992508 0.12833453496755587 0.24312408813678932 0.16851370736660296 0.1289433330384119 131 4161 0.03148281663061764 0.24531835205992508
1 5 4 2935 0.9683272847245133 0.7284306657053593 0.9651800952517752 0.8314200483974016 0.730221829888281 111 4161 0.026676279740447006 0.20517560073937152
2 5 4 799 0.8046324269889225 0.23864455659697187 0.7861715827047938 0.36811154043159694 0.24031824638245783 111 4161 0.026676279740447006 0.20517560073937152
12 5 4 111 0.20517560073937152 0.1300168228791156 0.2040079689280558 0.1591699445498786 0.13049009417664856 111 4161 0.026676279740447006 0.20517560073937152
1 5 512 2088 0.9807421324565524 0.5116558519586638 0.9719197915053855 0.6724780609114012 0.5140903868741356 140 4161 0.03364575823119442 0.32407407407407407
2 5 512 1627 0.9166197183098591 0.42658014900264357 0.9063114291891147 0.5822093726047248 0.42885015051746483 140 4161 0.03364575823119442 0.32407407407407407
12 5 512 140 0.32407407407407407 0.10382119682768565 0.3174070690789371 0.157261650311247 0.1045245512778919 140 4161 0.03364575823119442 0.32407407407407407
1 5 8 3172 0.9823474759987613 0.7760153809180486 0.9797681964002082 0.8670755842940652 0.7776325473203591 125 4161 0.03004085556356645 0.24606299212598426
2 5 8 527 0.7083333333333334 0.1788031723143475 0.6881552218158664 0.2855304595171176 0.18013648908645716 125 4161 0.03004085556356645 0.24606299212598426
12 5 8 125 0.24606299212598426 0.12208603701033405 0.24361361782460847 0.16319942841649007 0.12269812125998869 125 4161 0.03004085556356645 0.24606299212598426
1 5 64 1831 0.9708377518557795 0.4532564287430906 0.959984065326327 0.6179906614182965 0.45566163893059985 166 4161 0.039894256188416244 0.3688888888888889
2 5 64 1649 0.9191750278706801 0.43114635904830567 0.9089877704935685 0.5869698435256214 0.4334248090919121 166 4161 0.039894256188416244 0.3688888888888889
12 5 64 166 0.3688888888888889 0.10814708002883922 0.3602883682256289 0.16725890200240476 0.10890926176938036 166 4161 0.039894256188416244 0.3688888888888889
1 5 256 922 0.9756613756613757 0.22710886806056235 0.9448281042316328 0.36845166696374027 0.22884725919577745 182 4161 0.04373948570055275 0.38396624472573837
2 5 256 2655 0.9529791816223977 0.669550588800769 0.9490017209837891 0.7865097871254947 0.6715280274440554 182 4161 0.04373948570055275 0.38396624472573837
12 5 256 182 0.38396624472573837 0.11391492429704397 0.3751605927120812 0.17570251064687803 0.1147137413534847 182 4161 0.04373948570055275 0.38396624472573837
1 5 32 928 0.9747899159663865 0.22879115597212207 0.9443046745385589 0.3705995664167634 0.2305379760702201 64 4161 0.015380918048546022 0.2782608695652174
2 5 32 2020 0.9577999051683262 0.5068493150684932 0.9494362803052792 0.6629030612923682 0.5092230973851718 64 4161 0.015380918048546022 0.2782608695652174
12 5 32 64 0.2782608695652174 0.055275174236962266 0.26757355249100845 0.09222942068395132 0.05571724636757822 64 4161 0.015380918048546022 0.2782608695652174
1 5 2 388 0.9651741293532339 0.0966113914924297 0.8862837124866413 0.1756415280461603 0.0974799305610369 235 4161 0.056476808459504924 0.33764367816091956
2 5 2 3323 0.9685222967064996 0.8245614035087719 0.9668509763739885 0.8907627727651226 0.8257766829506955 235 4161 0.056476808459504924 0.33764367816091956
12 5 2 235 0.33764367816091956 0.167267483777938 0.33427253872894336 0.22370988291339858 0.16810736069746302 235 4161 0.056476808459504924 0.33764367816091956
1 5 128 455 0.9639830508474576 0.11343427060802691 0.8973634614593001 0.20298302630528076 0.11443395604678754 137 4161 0.03292477769766883 0.37534246575342467
2 5 128 2828 0.9678302532511978 0.7022350396539293 0.9642195457731122 0.8139134669254354 0.7041482546841245 137 4161 0.03292477769766883 0.37534246575342467
12 5 128 137 0.37534246575342467 0.08771929824561403 0.36354034754005327 0.1422046917168362 0.08838991983135838 137 4161 0.03292477769766883 0.37534246575342467
1 5 1024 343 0.9689265536723164 0.08507570295602018 0.8785570244711892 0.156417326714498 0.08585107923677213 87 4161 0.02090843547224225 0.3551020408163265
2 5 1024 2470 0.9671104150352389 0.6137947608747897 0.96162983834128 0.7509714244491233 0.6160230029739552 87 4161 0.02090843547224225 0.3551020408163265
12 5 1024 87 0.3551020408163265 0.05888007690459024 0.33825322212702413 0.10101129772149979 0.059370434540401494 87 4161 0.02090843547224225 0.3551020408163265
1 5 16 3151 0.9773573200992556 0.7748137466955058 0.9748342428191978 0.8643789426698539 0.7764068100957003 103 4161 0.024753664984378754 0.22991071428571427
2 5 16 617 0.8383152173913043 0.17688055755827925 0.8083854086095623 0.2921242714374534 0.1782732150570667 103 4161 0.024753664984378754 0.22991071428571427
12 5 16 103 0.22991071428571427 0.10766642633982215 0.22735488877667737 0.14665486495033267 0.10823622394981548 103 4161 0.024753664984378754 0.22991071428571427
1 7 4 122 0.9838709677419355 0.029800528719057917 0.7470646505401316 0.057848869446175843 0.030089420203114725 68 4161 0.016342225426580148 0.33170731707317075
2 7 4 2301 0.9680269246949937 0.5712569093967796 0.9614154687262603 0.71850565433946 0.5735846121769 68 4161 0.016342225426580148 0.33170731707317075
12 7 4 68 0.33170731707317075 0.049267003124248976 0.3138906080284511 0.08579174269862419 0.049685876946341016 68 4161 0.016342225426580148 0.33170731707317075
1 7 512 625 0.9796238244514106 0.15332852679644315 0.9300017723116427 0.2651555074710681 0.15461980460947863 221 4161 0.05311223263638548 0.3925399644760213
2 7 512 2931 0.9544122435688701 0.7380437394857006 0.9516499629067828 0.8323974015361957 0.7397040704803226 221 4161 0.05311223263638548 0.3925399644760213
12 7 512 221 0.3925399644760213 0.13530401345830328 0.3852875176816285 0.20124216570296388 0.1361876304855432 221 4161 0.05311223263638548 0.3925399644760213
1 7 8 2048 0.9752380952380952 0.5046863734679163 0.9663176948812583 0.6651547264217125 0.5071089449846529 51 4161 0.012256669069935111 0.21794871794871795
2 7 8 872 0.9073881373569199 0.23095409757269886 0.8818166091501177 0.3681933288268031 0.23267142869211166 51 4161 0.012256669069935111 0.21794871794871795
12 7 8 51 0.21794871794871795 0.05623648161499639 0.2119152693364811 0.08940430839766712 0.056652667699950594 51 4161 0.012256669069935111 0.21794871794871795
1 7 64 85 0.9770114942528736 0.02090843547224225 0.6725239400856304 0.04094072314770217 0.02111300156046168 34 4161 0.008171112713290074 0.3333333333333333
2 7 64 1748 0.9711111111111111 0.43258832011535686 0.9592873232198992 0.5985488272711812 0.4349765693909026 34 4161 0.008171112713290074 0.3333333333333333
12 7 64 34 0.3333333333333333 0.024513338139870222 0.29636661776128415 0.04566823371390195 0.024740277517615022 34 4161 0.008171112713290074 0.3333333333333333
1 7 256 38 0.9743589743589743 0.009372746935832732 0.4825058507243293 0.01856689154905756 0.009465563874912802 0 4161 0.0 0.0
2 7 256 23 0.92 0.00600817111271329 0.36709164807241323 0.011938377211195082 0.006067856555139655 0 4161 0.0 0.0
12 7 256 0 0.0 0.0007209805335255948 0 0 0 0 4161 0.0 0.0
1 7 32 59 0.9672131147540983 0.014659937515020427 0.5885679866709628 0.0288821121900329 0.014804293020569143 104 4161 0.024993991828887285 0.3525423728813559
2 7 32 3102 0.978240302743614 0.7620764239365537 0.9755006797599888 0.8567335591695092 0.7637473834790548 104 4161 0.024993991828887285 0.3525423728813559
12 7 32 104 0.3525423728813559 0.07089641913001682 0.3392005730771942 0.11805244252735349 0.07146167359582856 104 4161 0.024993991828887285 0.3525423728813559
1 7 2 411 0.9809069212410502 0.10069694784907474 0.9027750621799101 0.18264419334242618 0.10159961822195168 67 4161 0.016101898582071617 0.3101851851851852
2 7 2 2294 0.966301600673968 0.570535928863254 0.9597102580742638 0.7174600707058265 0.572858942426731 67 4161 0.016101898582071617 0.3101851851851852
12 7 2 67 0.3101851851851852 0.05191059841384282 0.2956224907152292 0.08893723324821858 0.05234210801108497 67 4161 0.016101898582071617 0.3101851851851852
1 7 128 245 0.98 0.0600817111271329 0.850993438976428 0.11322202145210707 0.06064534786828354 132 4161 0.03172314347512617 0.4714285714285714
2 7 128 2724 0.9728571428571429 0.6729151646238885 0.9685825750180775 0.7955539432343807 0.6749755804013751 132 4161 0.03172314347512617 0.4714285714285714
12 7 128 132 0.4714285714285714 0.06729151646238885 0.44496934887639567 0.11777226870941222 0.06786755775985573 132 4161 0.03172314347512617 0.4714285714285714
1 7 1024 342 0.9688385269121813 0.08483537611151165 0.8782310121563283 0.15600990132915843 0.08560876741211236 189 4161 0.04542177361211247 0.36416184971098264
2 7 1024 3176 0.9694749694749695 0.7873107426099495 0.9672591295593785 0.8689483901292127 0.7887781814489844 189 4161 0.04542177361211247 0.36416184971098264
12 7 1024 189 0.36416184971098264 0.1247296322999279 0.3573696685464735 0.1858153610092916 0.12554691596024606 189 4161 0.04542177361211247 0.36416184971098264
1 7 16 2505 0.9754672897196262 0.6171593366979091 0.9698920803213735 0.7560073849174008 0.619412029642642 23 4161 0.0055275174236962266 0.15333333333333332
2 7 16 173 0.9202127659574468 0.04518144676760394 0.7721505984716941 0.08613381673920843 0.045610866795359396 23 4161 0.0055275174236962266 0.15333333333333332
12 7 16 23 0.15333333333333332 0.03604902667627974 0.1485482177411207 0.058374152940280706 0.03632411808856643 23 4161 0.0055275174236962266 0.15333333333333332
1 4 4 3137 0.9806189434198187 0.7688055755827926 0.9779512698718085 0.8618894991286427 0.77045327511656 185 4161 0.044460466234078344 0.2824427480916031
2 4 4 845 0.7619477006311993 0.26652247055996153 0.7481778956729046 0.39490923373015085 0.2682493829874249 185 4161 0.044460466234078344 0.2824427480916031
12 4 4 185 0.2824427480916031 0.1574140831530882 0.28023894330237137 0.2021588074840884 0.1581070445024563 185 4161 0.044460466234078344 0.2824427480916031
1 4 512 585 0.9831932773109243 0.1429944724825763 0.9291399339027719 0.24967631562902362 0.1442146730850821 232 4161 0.05575582792597933 0.3853820598006645
2 4 512 3067 0.9629513343799058 0.7654409997596732 0.9604974564802704 0.8529110174219764 0.7669986096220746 232 4161 0.05575582792597933 0.3853820598006645
12 4 512 232 0.3853820598006645 0.14467676039413602 0.3791366453230135 0.21037600281979524 0.1455770155059768 232 4161 0.05575582792597933 0.3853820598006645
1 4 8 2311 0.9846612697060076 0.5640471040615237 0.9774445592541305 0.7172368240098173 0.566442800164008 180 4161 0.043258832011535686 0.41284403669724773
2 4 8 1348 0.9016722408026756 0.3592886325402547 0.8883937957063426 0.5138313063412498 0.3614412865980011 180 4161 0.043258832011535686 0.41284403669724773
12 4 8 180 0.41284403669724773 0.10478250420571977 0.4011664805871677 0.16714302143809448 0.10556240499159812 180 4161 0.043258832011535686 0.41284403669724773
1 4 64 1747 0.9825646794150731 0.42730112953616917 0.9700835782467164 0.5955900124547591 0.42970542301104353 92 4161 0.022110069694784906 0.3262411347517731
2 4 64 1387 0.9365293720459149 0.3559240567171353 0.921643804461752 0.515814846268545 0.35812226863472185 92 4161 0.022110069694784906 0.3262411347517731
12 4 64 92 0.3262411347517731 0.06777217015140591 0.31437040833514496 0.11223006644518273 0.0683079912673181 92 4161 0.022110069694784906 0.3262411347517731
1 4 256 322 0.9787234042553191 0.07906753184330689 0.8796275089111737 0.14631481758987572 0.0797937446749888 66 4161 0.015861571737563085 0.3473684210526316
2 4 256 2527 0.9786986831913246 0.6205239125210286 0.9731372185749388 0.759501444891157 0.622780538827683 66 4161 0.015861571737563085 0.3473684210526316
12 4 256 66 0.3473684210526316 0.045662100456621 0.3260391090416426 0.08071419836125718 0.046058177295653965 66 4161 0.015861571737563085 0.3473684210526316
1 4 32 2534 0.9731182795698925 0.6258111031002163 0.9678004436123367 0.7617449908483739 0.6280303590400879 102 4161 0.024513338139870222 0.28895184135977336
2 4 32 939 0.8925855513307985 0.25282384042297523 0.8707692104403777 0.39403711654220885 0.25463083987446583 102 4161 0.024513338139870222 0.28895184135977336
12 4 32 102 0.28895184135977336 0.08483537611151165 0.28222856984093997 0.1311619926743663 0.08543290148904514 102 4161 0.024513338139870222 0.28895184135977336
1 4 2 2325 0.971989966555184 0.5748618120644076 0.9653868762795867 0.7224479051004777 0.5771967287189247 231 4161 0.0555155010814708 0.3314203730272597
2 4 2 1631 0.8680149015433741 0.45157414083153086 0.8601610521848352 0.5940835681508373 0.45372941045151244 231 4161 0.0555155010814708 0.3314203730272597
12 4 2 231 0.3314203730272597 0.16750781062244652 0.3282402230458944 0.22253904630269522 0.16833209790612194 231 4161 0.0555155010814708 0.3314203730272597
1 4 128 353 0.9832869080779945 0.08627733717856284 0.8915154093147889 0.15863540032821893 0.0870637175296379 108 4161 0.02595529920692141 0.39705882352941174
2 4 128 2659 0.9690233236151603 0.6594568613314107 0.9645403463356154 0.7848165245795132 0.6615493375889423 108 4161 0.02595529920692141 0.39705882352941174
12 4 128 108 0.39705882352941174 0.06536890170632059 0.37806525864358215 0.11225667402918 0.06591407454380072 108 4161 0.02595529920692141 0.39705882352941174
1 4 1024 519 0.9646840148698885 0.12929584234559 0.9066827152131985 0.22802912042165727 0.13041400789651222 153 4161 0.03677000720980533 0.3853904282115869
2 4 1024 2507 0.9586998087954111 0.6284546983898102 0.9537376577957309 0.7592195926172384 0.6306054492285328 153 4161 0.03677000720980533 0.3853904282115869
12 4 1024 153 0.3853904282115869 0.09540975726988704 0.3741319502147061 0.15295338196670535 0.09612587937285567 153 4161 0.03677000720980533 0.3853904282115869
1 4 16 752 0.9830065359477124 0.18385003604902667 0.9424460417651638 0.30976521263646933 0.18534189462472658 41 4161 0.009853400624849795 0.36283185840707965
2 4 16 1229 0.9594067135050741 0.30785868781542897 0.9397156085998692 0.4661402285475726 0.30994271673678164 41 4161 0.009853400624849795 0.36283185840707965
12 4 16 41 0.36283185840707965 0.02715693342946407 0.3232695521453871 0.05053171183945029 0.0274079886631825 41 4161 0.009853400624849795 0.36283185840707965
1 6 4 508 0.9676190476190476 0.12617159336697908 0.9076842764162418 0.2232347442656418 0.12726736046269763 121 4161 0.029079548185532322 0.4074074074074074
2 6 4 2666 0.9758418740849195 0.6565729391973083 0.9711661824482258 0.7849859756804017 0.6587067107828667 121 4161 0.029079548185532322 0.4074074074074074
12 6 4 121 0.4074074074074074 0.07137707281903388 0.38926305134893135 0.12147239263803682 0.07196476252851888 121 4161 0.029079548185532322 0.4074074074074074
1 6 512 245 0.9760956175298805 0.06032203797164143 0.8485493292274315 0.1136222961699706 0.06088763021456628 225 4161 0.05407354001441961 0.40250447227191416
2 6 512 3317 0.9710187353629977 0.8209565008411439 0.9692645631629805 0.8897044190447578 0.8222145789309493 225 4161 0.05407354001441961 0.40250447227191416
12 6 512 225 0.40250447227191416 0.13434270608026916 0.39470378825717184 0.20144853952811953 0.13523476413967658 225 4161 0.05407354001441961 0.40250447227191416
1 6 8 2394 0.9819524200164069 0.5859168469118 0.9754245646045109 0.7339163766895491 0.5882659174933076 192 4161 0.046142754145638065 0.3950617283950617
2 6 8 1403 0.8964856230031949 0.37611151165585194 0.8843709374937427 0.5299062109483791 0.3782855677824445 192 4161 0.046142754145638065 0.3950617283950617
12 6 8 192 0.3950617283950617 0.11679884643114635 0.3859576701479599 0.18029423016728688 0.11761909746823672 192 4161 0.046142754145638065 0.3950617283950617
1 6 64 3355 0.9804208065458796 0.8223984619081951 0.978559139908991 0.8944840755086074 0.8237129616591523 121 4161 0.029079548185532322 0.20336134453781513
2 6 64 522 0.723994452149792 0.17327565489065128 0.7019067569473467 0.27962730921069007 0.17459055888090924 121 4161 0.029079548185532322 0.20336134453781513
12 6 64 121 0.20336134453781513 0.1429944724825763 0.20251486792687828 0.16791719241614636 0.14341598108560538 121 4161 0.029079548185532322 0.20336134453781513
1 6 256 724 0.9783783783783784 0.17784186493631338 0.9366342127380741 0.30097489890915136 0.1792943764827504 57 4161 0.0136986301369863 0.41605839416058393
2 6 256 1670 0.9664351851851852 0.4152847873107426 0.9539007172278122 0.5809365693748494 0.41764299046142755 57 4161 0.0136986301369863 0.41605839416058393
12 6 256 57 0.41605839416058393 0.03292477769766883 0.3730748690799815 0.06102068405054191 0.033227730712600934 57 4161 0.0136986301369863 0.41605839416058393
1 6 32 620 0.9763779527559056 0.15260754626291756 0.9268426509335626 0.26395847196405015 0.1538930873466159 37 4161 0.008892093246815669 0.2740740740740741
2 6 32 1329 0.9526881720430107 0.33525594808940157 0.9356275667592949 0.4959755184394209 0.3374211050622909 37 4161 0.008892093246815669 0.2740740740740741
12 6 32 37 0.2740740740740741 0.032444124008651765 0.2552522012874553 0.05802000209081088 0.03272982060052842 37 4161 0.008892093246815669 0.2740740740740741
1 6 2 2249 0.9761284722222222 0.5537130497476568 0.9688108058129592 0.7066026977797367 0.556095703588138 143 4161 0.03436673876472002 0.3264840182648402
2 6 2 1082 0.8642172523961661 0.30088920932468155 0.8484890308932813 0.44636890155799974 0.3028437090886387 143 4161 0.03436673876472002 0.3264840182648402
12 6 2 143 0.3264840182648402 0.10526315789473684 0.31982904658037803 0.15919844141386028 0.10597411364169992 143 4161 0.03436673876472002 0.3264840182648402
1 6 128 1457 0.9739304812834224 0.35952895938476326 0.9577258834898836 0.5251846464463442 0.36178869663562263 134 4161 0.03220379716414323 0.3872832369942196
2 6 128 1959 0.9450072358900145 0.498197548666186 0.9366896870627462 0.6524372610599252 0.5005407278121117 134 4161 0.03220379716414323 0.3872832369942196
12 6 128 134 0.3872832369942196 0.08315308819995193 0.373748820153667 0.13691033383041237 0.08380468311929341 134 4161 0.03220379716414323 0.3872832369942196
1 6 1024 39 0.9285714285714286 0.010093727469358327 0.48848024235337884 0.019970373621550446 0.010193556687310347 211 4161 0.050708964191300165 0.38644688644688646
2 6 1024 3482 0.9786396852164138 0.8550829127613554 0.9772415831036702 0.9126986530040593 0.8561531346014878 211 4161 0.050708964191300165 0.38644688644688646
12 6 1024 211 0.38644688644688646 0.13121845710165825 0.3791452803299205 0.19591407778506179 0.13208215528979458 211 4161 0.050708964191300165 0.38644688644688646
1 6 16 248 0.96875 0.06152367219418409 0.8453317949653604 0.11569946713514065 0.06209947059383176 56 4161 0.013458303292477769 0.3783783783783784
2 6 16 2004 0.9775609756097561 0.49267003124248976 0.9681269109874036 0.6551555424289841 0.4951015247112135 56 4161 0.013458303292477769 0.3783783783783784
12 6 16 56 0.3783783783783784 0.035568372987262675 0.34541655250274816 0.06502432135571944 0.0358903190532606 56 4161 0.013458303292477769 0.3783783783783784
1 1 4 3531 0.9832915622389307 0.863013698630137 0.9819365909704457 0.919234869709667 0.8640601667537542 96 4161 0.023071377072819033 0.1605351170568562
2 1 4 340 0.6137184115523465 0.1331410718577265 0.5925421583400662 0.21881258509249235 0.13418138728910456 96 4161 0.023071377072819033 0.1605351170568562
12 1 4 96 0.1605351170568562 0.1437154530161019 0.16034931112557527 0.1516603703801548 0.14386469125382687 96 4161 0.023071377072819033 0.1605351170568562
1 1 512 1650 0.9683098591549296 0.40951694304253783 0.9554023058114623 0.5756010738166 0.4118702336989331 283 4161 0.06801249699591444 0.4014184397163121
2 1 512 2280 0.9260763606823721 0.5916846911800048 0.920923277022806 0.7220440988482251 0.5938076082795125 283 4161 0.06801249699591444 0.4014184397163121
12 1 512 283 0.4014184397163121 0.16943042537851477 0.39604933272193477 0.2382854767859318 0.17040548331304847 283 4161 0.06801249699591444 0.4014184397163121
1 1 8 1847 0.9705727798213347 0.4573419850997356 0.9599073204824579 0.6217229385281887 0.45974902919785304 124 4161 0.029800528719057917 0.30024213075060535
2 1 8 1565 0.9222156747200942 0.4078346551309781 0.9108414392314734 0.5655598186242556 0.4100994047775548 124 4161 0.029800528719057917 0.30024213075060535
12 1 8 124 0.30024213075060535 0.09925498678202355 0.2943408655527068 0.14919020644309888 0.09991722714150021 124 4161 0.029800528719057917 0.30024213075060535
1 1 64 2023 0.9716618635926993 0.5003604902667628 0.9626838960907889 0.6605622600309728 0.5027750384803293 300 4161 0.07209805335255948 0.423728813559322
2 1 64 1924 0.9105537150970184 0.5078106224465273 0.9034593495517796 0.6520029256167319 0.5100442409796809 300 4161 0.07209805335255948 0.423728813559322
12 1 64 300 0.423728813559322 0.17015140591204037 0.4175674018534415 0.2428033498631659 0.17116559201062553 300 4161 0.07209805335255948 0.423728813559322
1 1 256 1699 0.9747561675272519 0.41888968997837056 0.9621153091972288 0.5859670971947015 0.42126823750785936 314 4161 0.07546262917567892 0.4025641025641026
2 1 256 2259 0.919039869812856 0.5907233838019706 0.9140102147296975 0.71918340898139 0.5928201980393342 314 4161 0.07546262917567892 0.4025641025641026
12 1 256 314 0.4025641025641026 0.18745493871665464 0.3980416999468708 0.2557972671928412 0.18845195705137288 314 4161 0.07546262917567892 0.4025641025641026
1 1 32 2031 0.9773820981713186 0.49939918288872864 0.968206985958421 0.661037389160922 0.5018290494108959 293 4161 0.07041576544099976 0.406380027739251
2 1 32 1920 0.9014084507042254 0.5118961788031723 0.894668140937368 0.6529767635689548 0.5140956693076559 293 4161 0.07041576544099976 0.406380027739251
12 1 32 293 0.406380027739251 0.17327565489065128 0.4010383534110768 0.24295721598561024 0.1742653644615893 293 4161 0.07041576544099976 0.406380027739251
1 1 2 1202 0.9788273615635179 0.2951213650564768 0.9568788872692761 0.45350783915092785 0.2971765764053541 68 4161 0.016342225426580148 0.22006472491909385
2 1 2 1496 0.912751677852349 0.3938956981494833 0.9010008245889183 0.5503075519653576 0.3961251868188111 68 4161 0.016342225426580148 0.22006472491909385
12 1 2 68 0.22006472491909385 0.07426099495313626 0.21586833875696668 0.11104857185892202 0.07475135593057355 68 4161 0.016342225426580148 0.22006472491909385
1 1 128 1849 0.9726459758022094 0.45686133141071855 0.9618939615351553 0.6217027828457067 0.4592726959357917 300 4161 0.07209805335255948 0.41899441340782123
2 1 128 2118 0.9236807675534234 0.551069454458063 0.9175381643569424 0.6903030073456132 0.5532792758071393 300 4161 0.07209805335255948 0.41899441340782123
12 1 128 300 0.41899441340782123 0.17207402066810862 0.4131249059772746 0.2439583953261751 0.17308393401205732 300 4161 0.07209805335255948 0.41899441340782123
1 1 1024 1452 0.968 0.3604902667627974 0.9521135424809675 0.5253400600016498 0.362744283237955 291 4161 0.06993511175198269 0.4064245810055866
2 1 1024 2473 0.9367424242424243 0.6344628695025234 0.932344400638115 0.7565253106461025 0.636496458587379 291 4161 0.06993511175198269 0.4064245810055866
12 1 1024 291 0.4064245810055866 0.17207402066810862 0.401017134333265 0.24178143749923844 0.17306204236203176 291 4161 0.06993511175198269 0.4064245810055866
1 1 16 3530 0.9824659059281937 0.8634943523191541 0.9811275004466538 0.9191462896612829 0.8645308892637538 87 4161 0.02090843547224225 0.1676300578034682
2 1 16 279 0.58125 0.11535688536409516 0.5589010896652313 0.192507972650413 0.11627968153999704 87 4161 0.02090843547224225 0.1676300578034682
12 1 16 87 0.1676300578034682 0.1247296322999279 0.16706114456947507 0.1430322727791082 0.1250464867607433 87 4161 0.02090843547224225 0.1676300578034682
1 2 4 1034 0.9810246679316889 0.2533044941119923 0.9538915837220548 0.40264455359765317 0.2551786575502117 257 4161 0.06176399903869262 0.47947761194029853
2 2 4 2565 0.9595959595959596 0.642393655371305 0.9549273875432622 0.7695909516579232 0.644503019252062 257 4161 0.06176399903869262 0.47947761194029853
12 2 4 257 0.47947761194029853 0.12881518865657293 0.46689361181761374 0.20307325346638427 0.12975474487310776 257 4161 0.06176399903869262 0.47947761194029853
1 2 512 2447 0.9831257533145842 0.5981735159817352 0.976901189383447 0.7437931578556578 0.6005015565230679 105 4161 0.025234318673395817 0.32608695652173914
2 2 512 930 0.8994197292069632 0.24849795722182166 0.8766830409766347 0.3894076518469954 0.2502914142142845 105 4161 0.025234318673395817 0.32608695652173914
12 2 512 105 0.32608695652173914 0.07738524393174717 0.3160308755745442 0.12508578605927978 0.0779740524449548 105 4161 0.025234318673395817 0.32608695652173914
1 2 8 3747 0.9863121874177415 0.9130016822879116 0.9855286810541963 0.948242100199083 0.9136740730528177 42 4161 0.010093727469358327 0.10552763819095477
2 2 8 0 0.0 0.0014419610670511895 0 0 0 42 4161 0.010093727469358327 0.10552763819095477
12 2 8 42 0.10552763819095477 0.09565008411439557 0.10541985151320979 0.10034637387968759 0.09573880989899178 42 4161 0.010093727469358327 0.10552763819095477
1 2 64 1893 0.9712673165726013 0.46839701994712807 0.9610516382330241 0.632006649208839 0.470810490286804 179 4161 0.043018505167027155 0.4172494172494173
2 2 64 1529 0.9172165566886623 0.40062484979572216 0.9056540892023875 0.5576691450814556 0.4028714233044813 179 4161 0.043018505167027155 0.4172494172494173
12 2 64 179 0.4172494172494173 0.10310021629416005 0.4050302265104364 0.16534461598087977 0.1038745497093514 179 4161 0.043018505167027155 0.4172494172494173
1 2 256 1713 0.9738487777146105 0.42273491949050707 0.9614387301095109 0.5895527571558796 0.4251168922846148 221 4161 0.05311223263638548 0.3960573476702509
2 2 256 2033 0.9224137931034483 0.5296803652968036 0.915691586689291 0.6729377321152648 0.5319226937366448 221 4161 0.05311223263638548 0.3960573476702509
12 2 256 221 0.3960573476702509 0.13410237923576063 0.3885427184399692 0.20036313563969144 0.13498634824626268 221 4161 0.05311223263638548 0.3960573476702509
1 2 32 1374 0.9682875264270613 0.3410237923576063 0.9509690176687856 0.504401175820018 0.3432252161464499 97 4161 0.023311703917327564 0.40082644628099173
2 2 32 1520 0.9553739786297926 0.38236000961307376 0.9414055318419742 0.5461426664247215 0.38464418579909665 97 4161 0.023311703917327564 0.40082644628099173
12 2 32 97 0.40082644628099173 0.058159096371064645 0.37873283730699137 0.10157925141881644 0.058655579290625114 97 4161 0.023311703917327564 0.40082644628099173
1 2 2 1399 0.9762735519888346 0.34438836818072577 0.9588546371132521 0.5091647609923796 0.346609558693481 36 4161 0.008651766402307137 0.18
2 2 2 1030 0.9074889867841409 0.27277096851718335 0.8870522979290627 0.4194612360301432 0.2746730721508517 36 4161 0.008651766402307137 0.18
12 2 2 36 0.18 0.04806536890170632 0.17523752974845028 0.07587093510927521 0.0484167354656582 36 4161 0.008651766402307137 0.18
1 2 128 478 0.9676113360323887 0.1187214611872146 0.9036385181004433 0.21149362694212342 0.11976173365935681 63 4161 0.01514059120403749 0.36627906976744184
2 2 128 1801 0.9615589962626802 0.45013217976447967 0.9508625429307647 0.6132058545240041 0.4525151538231033 63 4161 0.01514059120403749 0.36627906976744184
12 2 128 63 0.36627906976744184 0.04133621725546743 0.3398296498447622 0.07428863286565865 0.04170251628912854 63 4161 0.01514059120403749 0.36627906976744184
1 2 1024 1629 0.9772045590881824 0.40062484979572216 0.9634755000496737 0.5682741668600645 0.40297900404723125 221 4161 0.05311223263638548 0.3981981981981982
2 2 1024 2064 0.9247311827956989 0.5364095169430425 0.9181502488746863 0.678968982459119 0.538649066397097 221 4161 0.05311223263638548 0.3981981981981982
12 2 1024 221 0.3981981981981982 0.13338139870223503 0.39052151086809217 0.19982795783011814 0.13426547392122515 221 4161 0.05311223263638548 0.3981981981981982
1 2 16 2308 0.9738396624472574 0.5695746214852199 0.9670438660690867 0.7187627624028874 0.5719253186182633 113 4161 0.02715693342946407 0.3165266106442577
2 2 16 1010 0.8914386584289496 0.2722903148281663 0.8718112209780216 0.41715918144454034 0.2741757469989142 113 4161 0.02715693342946407 0.3165266106442577
12 2 16 113 0.3165266106442577 0.08579668348954578 0.30831723999218164 0.1350005521700282 0.08642040196663402 113 4161 0.02715693342946407 0.3165266106442577
