1 8 4 0 0 0.0 0 0 0 68 4161 0.016342225426580148 0.37777777777777777
21 8 4 3241 0.9869062119366626 0.7892333573660177 0.9844649157604771 0.8770699290911581 0.7908016146918555 68 4161 0.016342225426580148 0.37777777777777777
22 8 4 103 0.8583333333333333 0.02883922134102379 0.6680784316243914 0.05580349584521302 0.029117830227627373 68 4161 0.016342225426580148 0.37777777777777777
12 8 4 68 0.37777777777777777 0.043258832011535686 0.3509106577786558 0.07762852467749914 0.043641447089722944 68 4161 0.016342225426580148 0.37777777777777777
1 8 512 239 0.9755102040816327 0.05888007690459024 0.8452297770223406 0.111056951893971 0.05943300495915274 77 4161 0.018505167027156932 0.29844961240310075
21 8 512 3297 0.9821268990169795 0.8067772170151406 0.9800179600172205 0.8858581063608015 0.808205907075453 77 4161 0.018505167027156932 0.29844961240310075
22 8 512 0 0.0 0.004085556356645037 0 0 0 77 4161 0.018505167027156932 0.29844961240310075
12 8 512 77 0.29844961240310075 0.06200432588320115 0.2875912829339882 0.1026770139626474 0.06249453377696016 77 4161 0.018505167027156932 0.29844961240310075
1 8 8 56 0.9824561403508771 0.0136986301369863 0.5778504290968532 0.027020506634499394 0.013833687572916694 37 4161 0.008892093246815669 0.47435897435897434
21 8 8 1851 0.9830058417419012 0.452535448209565 0.9717278487203738 0.6197592396667764 0.45496632490710087 37 4161 0.008892093246815669 0.47435897435897434
22 8 8 226 0.9300411522633745 0.058399423215573176 0.8102974806311963 0.10989809242221855 0.05894640364500498 37 4161 0.008892093246815669 0.47435897435897434
12 8 8 37 0.47435897435897434 0.018745493871665464 0.38234842731161384 0.0360657581494742 0.018925469932574046 37 4161 0.008892093246815669 0.47435897435897434
1 8 64 0 0 0.0 0 0 0 76 4161 0.0182648401826484 0.30522088353413657
21 8 64 3388 0.9843114468332365 0.8272049987983657 0.9824639822404483 0.8989455780634849 0.8285143016386214 76 4161 0.0182648401826484 0.30522088353413657
22 8 64 17 0.5 0.008171112713290074 0.31329258279354066 0.016079451406951998 0.00825147536571769 76 4161 0.0182648401826484 0.30522088353413657
12 8 64 76 0.30522088353413657 0.059841384282624366 0.2933126836921853 0.10006424543341871 0.0603215321685077 76 4161 0.0182648401826484 0.30522088353413657
1 8 256 735 0.9760956175298805 0.1809661139149243 0.9354027875356837 0.3053255084207181 0.1824375396191003 75 4161 0.01802451333813987 0.2613240418118467
21 8 256 2719 0.9724606580829757 0.6719538572458543 0.9681737243333013 0.7947493580571181 0.6740160589186498 75 4161 0.01802451333813987 0.2613240418118467
22 8 256 17 0.5 0.008171112713290074 0.31329258279354066 0.016079451406951998 0.00825147536571769 75 4161 0.01802451333813987 0.2613240418118467
12 8 256 75 0.2613240418118467 0.06897380437394857 0.25430241637155326 0.10914096804616116 0.06948015666029153 75 4161 0.01802451333813987 0.2613240418118467
1 8 32 294 0.9702970297029703 0.07281903388608507 0.8647712075679959 0.13547119970984145 0.07349206975827992 79 4161 0.018985820716173996 0.29924242424242425
21 8 32 3161 0.9822871348663766 0.7733717856284547 0.9796669068297785 0.8653994766561548 0.7750037637452892 79 4161 0.018985820716173996 0.29924242424242425
22 8 32 0 0.0 0.004085556356645037 0 0 0 79 4161 0.018985820716173996 0.29924242424242425
12 8 32 79 0.29924242424242425 0.06344628695025234 0.2886220785909742 0.10469485335642482 0.06394517132685373 79 4161 0.018985820716173996 0.29924242424242425
1 8 2 0 0 0.0 0 0 0 108 4161 0.02595529920692141 0.3050847457627119
21 8 2 3699 0.9874532835024026 0.9002643595289593 0.9865073290993445 0.9418453031031924 0.9010520820831077 108 4161 0.02595529920692141 0.3050847457627119
22 8 2 0 0.0 0.004085556356645037 0 0 0 108 4161 0.02595529920692141 0.3050847457627119
12 8 2 108 0.3050847457627119 0.08507570295602018 0.29746826666814574 0.13304936106239038 0.08568751243228648 108 4161 0.02595529920692141 0.3050847457627119
1 8 128 1068 0.9753424657534246 0.2631578947368421 0.9498901006002197 0.41448364186750497 0.26507427476132556 78 4161 0.018745493871665464 0.2746478873239437
21 8 128 2558 0.969306555513452 0.6342225426580149 0.9642624297589942 0.7667538667727841 0.6364007633332098 78 4161 0.018745493871665464 0.2746478873239437
22 8 128 0 0.0 0.004085556356645037 0 0 0 78 4161 0.018745493871665464 0.2746478873239437
12 8 128 78 0.2746478873239437 0.06825282384042297 0.2666638697388059 0.10933482061330554 0.06876446531238681 78 4161 0.018745493871665464 0.2746478873239437
1 8 1024 746 0.9777195281782438 0.1833693823600096 0.9375090486936891 0.3088201504228523 0.18485638166075813 71 4161 0.017063205960105743 0.28174603174603174
21 8 1024 2841 0.9752832131822863 0.7000720980533526 0.9715018754290968 0.815073149760895 0.7020335230148645 71 4161 0.017063205960105743 0.28174603174603174
22 8 1024 0 0.0 0.004085556356645037 0 0 0 71 4161 0.017063205960105743 0.28174603174603174
12 8 1024 71 0.28174603174603174 0.06056236481614996 0.27191362524867096 0.09969493083705963 0.06103678760319826 71 4161 0.017063205960105743 0.28174603174603174
1 8 16 2123 0.977890373099954 0.5217495794280221 0.9694984297696752 0.6804485170344172 0.5241703846599647 83 4161 0.019947128094208122 0.2577639751552795
21 8 16 1487 0.9305381727158949 0.3840422975246335 0.9176097813735444 0.5436959180122299 0.38628846981993253 83 4161 0.019947128094208122 0.2577639751552795
22 8 16 0 0.0 0.004325883201153569 0 0 0 83 4161 0.019947128094208122 0.2577639751552795
12 8 16 83 0.2577639751552795 0.07738524393174717 0.2519493851040013 0.11903431043966445 0.07792515146658266 83 4161 0.019947128094208122 0.2577639751552795
1 3 4 2413 0.97102615694165 0.5972122086037011 0.9650454404662451 0.7395670052969594 0.5994972305785191 126 4161 0.03028118240807498 0.26141078838174275
21 3 4 1518 0.9008902077151335 0.40495073299687573 0.8900971984809563 0.5587451558457572 0.4071700084963408 126 4161 0.03028118240807498 0.26141078838174275
22 3 4 0 0.0 0.004085556356645037 0 0 0 126 4161 0.03028118240807498 0.26141078838174275
12 3 4 126 0.26141078838174275 0.11583753905311223 0.2581981342010414 0.1605371327368129 0.11647976400869836 126 4161 0.03028118240807498 0.26141078838174275
1 3 512 326 0.9673590504451038 0.08099014659937515 0.8727857393773775 0.14946651655890425 0.08173161994782213 122 4161 0.029319875030040854 0.4053156146179402
21 3 512 3350 0.9861642625846335 0.8163902907954819 0.9841379432875368 0.8932821784437898 0.8177842151255826 122 4161 0.029319875030040854 0.4053156146179402
22 3 512 15 0.46875 0.007690459024273011 0.2941479841033886 0.015132647109822032 0.0077660894855990925 122 4161 0.029319875030040854 0.4053156146179402
12 3 512 122 0.4053156146179402 0.07233838019706801 0.3876486217960309 0.1227661669254801 0.07293159990931829 122 4161 0.029319875030040854 0.4053156146179402
1 3 8 1638 0.975 0.40374909877433307 0.9615303302873948 0.5710326435098636 0.40610490270081195 105 4161 0.025234318673395817 0.2845528455284553
21 3 8 2136 0.9527207850133809 0.5388127853881278 0.9455292841345649 0.688336018789087 0.5411404844542507 105 4161 0.025234318673395817 0.2845528455284553
22 3 8 37 0.6727272727272727 0.013217976447969237 0.45028337828097714 0.02592653934846033 0.013347533643207472 105 4161 0.025234318673395817 0.2845528455284553
12 3 8 105 0.2845528455284553 0.08868060562364816 0.27846321836504 0.13522002701259542 0.08928914297167198 105 4161 0.025234318673395817 0.2845528455284553
1 3 64 2113 0.9796012980992118 0.5183850036049027 0.9710472594911685 0.6779910094889922 0.5208128185545574 54 4161 0.012977649603460706 0.2288135593220339
21 3 64 1490 0.9478371501272265 0.37779379956741166 0.9338855082276135 0.5402514152226126 0.3800568873012446 54 4161 0.012977649603460706 0.2288135593220339
22 3 64 6 0.25 0.005767844268204758 0.17614998909962937 0.011275546159267088 0.0058241789925900294 54 4161 0.012977649603460706 0.2288135593220339
12 3 64 54 0.2288135593220339 0.056717135304013455 0.22213991903068778 0.0909019579870894 0.057142664342029886 54 4161 0.012977649603460706 0.2288135593220339
1 3 256 1307 0.973919523099851 0.3225186253304494 0.9548255541262881 0.484569489339642 0.32466865408337264 93 4161 0.022350396539293438 0.35094339622641507
21 3 256 2177 0.9684163701067615 0.540254746455179 0.9608766467349804 0.6935793159311708 0.5426300992569568 93 4161 0.022350396539293438 0.35094339622641507
22 3 256 0 0.0 0.004325883201153569 0 0 0 93 4161 0.022350396539293438 0.35094339622641507
12 3 256 93 0.35094339622641507 0.06368661379476087 0.3359408962013898 0.1078088705549893 0.06420696188369003 93 4161 0.022350396539293438 0.35094339622641507
1 3 32 3572 0.9883785279468733 0.8685412160538332 0.9870301530060169 0.9245929893932435 0.8695851174568764 44 4161 0.01057438115837539 0.12607449856733524
21 3 32 118 0.6704545454545454 0.04229752463350156 0.5845090478231331 0.07957484472406672 0.042693565434423424 44 4161 0.01057438115837539 0.12607449856733524
22 3 32 40 0.6896551724137931 0.013938956981494832 0.4659931588576883 0.02732562248239146 0.014075501683029215 44 4161 0.01057438115837539 0.12607449856733524
12 3 32 44 0.12607449856733524 0.08387406873347752 0.12544956056627482 0.10073306328615707 0.08415296176097048 44 4161 0.01057438115837539 0.12607449856733524
1 3 2 3038 0.9784219001610306 0.7462148521989906 0.9754166522744558 0.8466860660574703 0.747972425497859 120 4161 0.02883922134102379 0.26143790849673204
21 3 2 852 0.8502994011976048 0.24080749819754865 0.8295120450152509 0.37532247598246365 0.24252872410951887 120 4161 0.02883922134102379 0.26143790849673204
22 3 2 17 0.4857142857142857 0.008411439557798606 0.3109911662880297 0.016536505377838302 0.008494082976144623 120 4161 0.02883922134102379 0.26143790849673204
12 3 2 120 0.26143790849673204 0.110310021629416 0.25793905807926953 0.15515471104970274 0.11094500511450511 120 4161 0.02883922134102379 0.26143790849673204
1 3 128 569 0.9743150684931506 0.14035087719298245 0.9201794116881791 0.24535776849481206 0.14155048134651405 93 4161 0.022350396539293438 0.3576923076923077
21 3 128 2867 0.9808416010947657 0.7024753664984379 0.9770083931804948 0.8186420935221874 0.7044548389415134 93 4161 0.022350396539293438 0.3576923076923077
22 3 128 23 0.5609756097560976 0.009853400624849795 0.36103835058737016 0.019366631068758727 0.009950186904884162 93 4161 0.022350396539293438 0.3576923076923077
12 3 128 93 0.3576923076923077 0.06248497957221821 0.34170830084288834 0.10638555303548604 0.06299977557016787 93 4161 0.022350396539293438 0.3576923076923077
1 3 1024 1600 0.9779951100244498 0.3931747176159577 0.9638011689084356 0.5608684547491263 0.39551640519640324 82 4161 0.01970680124969959 0.35964912280701755
21 3 1024 1834 0.9724284199363733 0.4532564287430906 0.9615239138747125 0.6183125720062171 0.45566510264544363 82 4161 0.01970680124969959 0.35964912280701755
22 3 1024 0 0.0 0.004085556356645037 0 0 0 82 4161 0.01970680124969959 0.35964912280701755
12 3 1024 82 0.35964912280701755 0.0547945205479452 0.3408721420780771 0.09510002899391128 0.055258276731741815 82 4161 0.01970680124969959 0.35964912280701755
1 3 16 3123 0.9808417085427136 0.7652006729151646 0.9781125828518564 0.8597050602786303 0.7668699669432499 89 4161 0.02138908916125931 0.22762148337595908
21 3 16 722 0.8772782503037667 0.1977889930305215 0.8484199997788997 0.3228002393543408 0.19931750662083147 89 4161 0.02138908916125931 0.22762148337595908
22 3 16 0 0.0 0.004085556356645037 0 0 0 89 4161 0.02138908916125931 0.22762148337595908
12 3 16 89 0.22762148337595908 0.09396779620283585 0.22446051260953445 0.13302115785248753 0.0945172833669945 89 4161 0.02138908916125931 0.22762148337595908
1 5 4 1722 0.9851258581235698 0.4200913242009132 0.9721792426360303 0.5890090605910762 0.42249059320327914 43 4161 0.010334054313866858 0.2792207792207792
21 5 4 1275 0.9536275243081526 0.32131699110790674 0.9354022628494963 0.480674606688093 0.3234403552081295 43 4161 0.010334054313866858 0.2792207792207792
22 5 4 85 0.8333333333333334 0.024513338139870222 0.6281324309493324 0.04762571788765933 0.024751190709582184 43 4161 0.010334054313866858 0.2792207792207792
12 5 4 43 0.2792207792207792 0.037010334054313865 0.26222935452846335 0.06535760638376621 0.03733095572140592 43 4161 0.010334054313866858 0.2792207792207792
1 5 512 72 0.972972972972973 0.017784186493631338 0.6351901339955994 0.03492991726434762 0.017958745824583587 124 4161 0.029800528719057917 0.3887147335423197
21 5 512 3534 0.9871508379888269 0.8603701033405431 0.985712711992973 0.919410491641878 0.8614655375012352 124 4161 0.029800528719057917 0.3887147335423197
22 5 512 21 0.5526315789473685 0.0091324200913242 0.3477334207721945 0.017967914438502673 0.009222220289754248 124 4161 0.029800528719057917 0.3887147335423197
12 5 512 124 0.3887147335423197 0.07666426339822158 0.3736561995887791 0.12806993403213401 0.07727849352320287 124 4161 0.029800528719057917 0.3887147335423197
1 5 8 16 0.9411764705882353 0.004085556356645037 0.2877372323934811 0.008135796006879532 0.004126232804421943 110 4161 0.026435952895938475 0.4074074074074074
21 5 8 3491 0.9869946282160023 0.8500360490266763 0.985422626361318 0.9134099115193506 0.8512055147784398 110 4161 0.026435952895938475 0.4074074074074074
22 5 8 1 0.05555555555555555 0.004325883201153569 0.049725116927873965 0.008026755852842809 0.004365742608495187 110 4161 0.026435952895938475 0.4074074074074074
12 5 8 110 0.4074074074074074 0.06488824801730353 0.38717246773562763 0.11194662746650082 0.06543291473892927 110 4161 0.026435952895938475 0.4074074074074074
1 5 64 1826 0.9712765957446808 0.4518144676760394 0.9603445993076196 0.6167375080238864 0.454219691798992 120 4161 0.02883922134102379 0.3069053708439898
21 5 64 2006 0.9404594467885607 0.5126171593366979 0.9327515626240177 0.6635515953555399 0.5149365611314607 120 4161 0.02883922134102379 0.3069053708439898
22 5 64 52 0.7536231884057971 0.01658255227108868 0.5233251308356149 0.03245105886502692 0.016744693329777276 120 4161 0.02883922134102379 0.3069053708439898
12 5 64 120 0.3069053708439898 0.09396779620283585 0.3001706421948615 0.14388202409993237 0.09461777497285058 120 4161 0.02883922134102379 0.3069053708439898
1 5 256 672 0.9781659388646288 0.1651045421773612 0.9326901404698072 0.28252218908431986 0.16647459527722558 93 4161 0.022350396539293438 0.3780487804878049
21 5 256 2798 0.9810659186535764 0.6854121605383321 0.9768937911344667 0.8070127286173983 0.6874633860714018 93 4161 0.022350396539293438 0.3780487804878049
22 5 256 21 0.5526315789473685 0.0091324200913242 0.3477334207721945 0.017967914438502673 0.009222220289754248 93 4161 0.022350396539293438 0.3780487804878049
12 5 256 93 0.3780487804878049 0.05912040374909877 0.3588804537899935 0.10225055811427766 0.059618374781489236 93 4161 0.022350396539293438 0.3780487804878049
1 5 32 326 0.9673590504451038 0.08099014659937515 0.8727857393773775 0.14946651655890425 0.08173161994782213 156 4161 0.03749098774333093 0.3577981651376147
21 5 32 3427 0.9816671440847895 0.8389810141792838 0.9800169241558495 0.9047328473569686 0.8401901461738259 156 4161 0.03749098774333093 0.3577981651376147
22 5 32 0 0.0 0.0045662100456621 0 0 0 156 4161 0.03749098774333093 0.3577981651376147
12 5 32 156 0.3577981651376147 0.10478250420571977 0.3494437785255151 0.1620949176131895 0.10552130623447965 156 4161 0.03749098774333093 0.3577981651376147
1 5 2 831 0.9764982373678026 0.20451814467676038 0.941318743295066 0.3382029425211717 0.2061316033465436 151 4161 0.03628935352078827 0.3852040816326531
21 5 2 2930 0.9721300597213006 0.7243451093487142 0.9688486236640168 0.8301420112102288 0.7261777280073838 151 4161 0.03628935352078827 0.3852040816326531
22 5 2 22 0.5641025641025641 0.009372746935832732 0.355677592533307 0.01843912188517456 0.009464901781083107 151 4161 0.03628935352078827 0.3852040816326531
12 5 2 151 0.3852040816326531 0.09420812304734438 0.373773055355611 0.15139102912497202 0.09491806621677584 151 4161 0.03628935352078827 0.3852040816326531
1 5 128 515 0.9716981132075472 0.12737322758952174 0.9118521981753992 0.22522345971124033 0.12847854616903198 138 4161 0.03316510454217736 0.36220472440944884
21 5 128 3097 0.9751259445843828 0.7632780581590963 0.9724536220003093 0.8562937456060964 0.7649234146360737 138 4161 0.03316510454217736 0.36220472440944884
22 5 128 1 0.05555555555555555 0.004325883201153569 0.049725116927873965 0.008026755852842809 0.004365742608495187 138 4161 0.03316510454217736 0.36220472440944884
12 5 128 138 0.36220472440944884 0.09156452775775054 0.3519063017757479 0.14617607686629716 0.0922469747881949 138 4161 0.03316510454217736 0.36220472440944884
1 5 1024 261 0.9702602230483272 0.064647921172795 0.8520795359740624 0.12121907971636299 0.06525092404185008 92 4161 0.022110069694784906 0.39148936170212767
21 5 1024 3115 0.9842022116903634 0.7606344628695025 0.9813463701800801 0.8580953524866898 0.7623490410857908 92 4161 0.022110069694784906 0.39148936170212767
22 5 1024 21 0.5526315789473685 0.0091324200913242 0.3477334207721945 0.017967914438502673 0.009222220289754248 92 4161 0.022110069694784906 0.39148936170212767
12 5 1024 92 0.39148936170212767 0.056476808459504924 0.36977216445126015 0.09871312240746785 0.056959406100073225 92 4161 0.022110069694784906 0.39148936170212767
1 5 16 523 0.9794007490636704 0.12833453496755587 0.919055879512846 0.22693316984641412 0.12944825943229252 83 4161 0.019947128094208122 0.3755656108597285
21 5 16 2935 0.9829202947086403 0.7176159577024753 0.9793355156596638 0.8295727746261713 0.7195388675872568 83 4161 0.019947128094208122 0.3755656108597285
22 5 16 26 0.6046511627906976 0.010334054313866858 0.38527258210900556 0.020320807015949474 0.010435611313356775 83 4161 0.019947128094208122 0.3755656108597285
12 5 16 83 0.3755656108597285 0.05311223263638548 0.35427021856737484 0.09306348996966038 0.053567600028000456 83 4161 0.019947128094208122 0.3755656108597285
1 7 4 524 0.966789667896679 0.13025714972362412 0.9089907951271557 0.22958230131989935 0.13138270715538877 107 4161 0.02571497236241288 0.3767605633802817
21 7 4 3102 0.9819563152896487 0.7591925018024513 0.979111830223157 0.8563241284688319 0.7609015707491035 107 4161 0.02571497236241288 0.3767605633802817
22 7 4 19 0.5277777777777778 0.008651766402307137 0.3310856469167397 0.01702445398543961 0.008736851849884585 107 4161 0.02571497236241288 0.3767605633802817
12 7 4 107 0.3767605633802817 0.06825282384042297 0.3606215941177044 0.11556943274454584 0.06881069666596387 107 4161 0.02571497236241288 0.3767605633802817
1 7 512 744 0.9712793733681462 0.1840903628935352 0.9318279804124188 0.3095168009037241 0.1855795304099213 94 4161 0.02259072338380197 0.30618892508143325
21 7 512 2918 0.9755934470076897 0.718817591925018 0.9721551002589689 0.8277492487509056 0.7206956795643178 94 4161 0.02259072338380197 0.30618892508143325
22 7 512 46 0.71875 0.015380918048546022 0.49474381287374836 0.030117338953054188 0.015531403580396366 94 4161 0.02259072338380197 0.30618892508143325
12 7 512 94 0.30618892508143325 0.0737803412641192 0.2969282706233495 0.11890816118405466 0.07433901481825651 94 4161 0.02259072338380197 0.30618892508143325
1 7 8 1844 0.9644351464435147 0.4595049267003124 0.9540552423684883 0.622445718934367 0.46189925790525227 79 4161 0.018985820716173996 0.2771929824561403
21 7 8 1872 0.9590163934426229 0.46911800048065366 0.9492020509079435 0.6300413390144017 0.4715027503869233 79 4161 0.018985820716173996 0.2771929824561403
22 7 8 84 0.8235294117647058 0.024513338139870222 0.6226009479655003 0.04760952190438088 0.02475110405904515 79 4161 0.018985820716173996 0.2771929824561403
12 7 8 79 0.2771929824561403 0.0684931506849315 0.269075384272967 0.10984427141268074 0.06900756756756755 79 4161 0.018985820716173996 0.2771929824561403
1 7 64 57 0.95 0.014419610670511895 0.578421473030609 0.028408029006092773 0.014561596539818642 71 4161 0.017063205960105743 0.39444444444444443
21 7 64 3414 0.9898521310524789 0.8288872867099255 0.987952583007275 0.9022467310479898 0.8302239887646337 71 4161 0.017063205960105743 0.39444444444444443
22 7 64 90 0.8256880733944955 0.026195626051429943 0.6340818768838915 0.05078020865955261 0.026449191090834188 71 4161 0.017063205960105743 0.39444444444444443
12 7 64 71 0.39444444444444443 0.043258832011535686 0.365098343030878 0.07796700129029896 0.043643556321955664 71 4161 0.017063205960105743 0.39444444444444443
1 7 256 103 0.9716981132075472 0.02547464551790435 0.7104304067239494 0.049647695984029794 0.025722648362697463 75 4161 0.01802451333813987 0.31512605042016806
21 7 256 3394 0.9866279069767442 0.8267243451093487 0.9847420943462458 0.8996258827523496 0.8280530898259011 75 4161 0.01802451333813987 0.31512605042016806
22 7 256 47 0.7230769230769231 0.015621244893054553 0.49922581208833344 0.030581805077280373 0.01577404954009077 75 4161 0.01802451333813987 0.31512605042016806
12 7 256 75 0.31512605042016806 0.05719778899303052 0.30165774976051934 0.09682169890892522 0.057665100314276956 75 4161 0.01802451333813987 0.31512605042016806
1 7 32 706 0.9644808743169399 0.17591925018024512 0.9234948876386663 0.2975635455982311 0.17735495104178958 90 4161 0.021629416005767843 0.3557312252964427
21 7 32 2551 0.9751529051987767 0.6286950252343186 0.969861163769394 0.7645036274426746 0.6309143802398962 90 4161 0.021629416005767843 0.3557312252964427
22 7 32 86 0.8349514563106796 0.024753664984378754 0.6305977250332335 0.04808185531476028 0.024993791766937303 90 4161 0.021629416005767843 0.3557312252964427
12 7 32 90 0.3557312252964427 0.06080269166065849 0.3394299073558865 0.10385428473040988 0.06130593256328757 90 4161 0.021629416005767843 0.3557312252964427
