1 8 2 36 0.5217391304347826 0.01658255227108868 0.4008397561256183 0.03214348104582775 0.016743056310509336 5 4161 0.001201634222542658 0.008156606851549755
2 8 2 52 0.08227848101265822 0.15188656572939196 0.08265352336968869 0.10673664655178014 0.15062488700628554 5 4161 0.001201634222542658 0.008156606851549755
12 8 2 5 0.008156606851549755 0.14732035568372986 0.008233614259168213 0.015457392567339261 0.12603057726983485 5 4161 0.001201634222542658 0.008156606851549755
1 8 4 80 0.47904191616766467 0.040134583032924775 0.43224058069434745 0.07406401326056286 0.04050199590951933 1 4161 0.0002403268445085316 0.004166666666666667
2 8 4 4 0.025157232704402517 0.03821196827685652 0.02524261772500495 0.03033989266547406 0.03801664337824713 1 4161 0.0002403268445085316 0.004166666666666667
12 8 4 1 0.004166666666666667 0.05767844268204758 0.004205295445425622 0.007771894885121679 0.051171627612412916 1 4161 0.0002403268445085316 0.004166666666666667
1 8 8 79 0.37089201877934275 0.05118961788031723 0.3492930704192005 0.0899627895040739 0.05163025523168401 6 4161 0.0014419610670511895 0.007633587786259542
2 8 8 14 0.02014388489208633 0.16702715693342945 0.020320816337975205 0.03595188433321817 0.15578056329432466 6 4161 0.0014419610670511895 0.007633587786259542
12 8 8 6 0.007633587786259542 0.18889689978370583 0.007706809234774014 0.014674171777423058 0.15294008854365343 6 4161 0.0014419610670511895 0.007633587786259542
1 8 16 6 0.24 0.00600817111271329 0.17321016166281755 0.011722871321949123 0.006066734074823053 9 4161 0.0021629416005767843 0.012178619756427604
2 8 16 82 0.10353535353535354 0.19033886085075702 0.10400496914406226 0.13411725347095302 0.18877187699223175 9 4161 0.0021629416005767843 0.012178619756427604
12 8 16 9 0.012178619756427604 0.17760153809180484 0.012291977011557771 0.022794180646709048 0.1565480569775818 9 4161 0.0021629416005767843 0.012178619756427604
1 8 32 14 0.27450980392156865 0.012256669069935111 0.22652141955181967 0.023465614986443183 0.012373710985979584 10 4161 0.002403268445085316 0.013333333333333334
2 8 32 73 0.09311224489795919 0.18841624609468877 0.09358090572844434 0.12463292498222468 0.18652598280552574 10 4161 0.002403268445085316 0.013333333333333334
12 8 32 10 0.013333333333333334 0.1802451333813987 0.013456712288030134 0.02482991508169042 0.16036837091140044 10 4161 0.002403268445085316 0.013333333333333334
1 8 64 87 0.19727891156462585 0.10598413842826243 0.1956106042233896 0.13788976581705265 0.10647198045257697 3 4161 0.0007209805335255948 0.005870841487279843
2 8 64 0 0.0 0.04205719778899303 0 0 0 3 4161 0.0007209805335255948 0.005870841487279843
12 8 64 3 0.005870841487279843 0.12280701754385964 0.0059267166101751746 0.011205976520811099 0.10257774338637134 3 4161 0.0007209805335255948 0.005870841487279843
1 8 128 2 0.11764705882352941 0.004085556356645037 0.09225726720756541 0.007896876088723725 0.0041249794291576235 0 4161 0.0 0.0
2 8 128 75 0.15337423312883436 0.11751982696467195 0.15291232828362575 0.13307426033570635 0.11779246488835794 0 4161 0.0 0.0
12 8 128 0 0.0 0.10382119682768565 0 0 0 0 4161 0.0 0.0
1 8 256 74 0.37 0.04806536890170632 0.3469892853014243 0.08507849641003236 0.04848304001764435 4 4161 0.0009613073780341264 0.009456264775413711
2 8 256 13 0.040123456790123455 0.07786589762076424 0.04031694250391856 0.05295815023668974 0.07714738979332916 4 4161 0.0009613073780341264 0.009456264775413711
12 8 256 4 0.009456264775413711 0.10165825522710886 0.009541951486872029 0.017303001948121673 0.09270835537226399 4 4161 0.0009613073780341264 0.009456264775413711
1 8 512 72 0.5070422535211268 0.034126411920211486 0.44586682510129566 0.06394876093020928 0.0344444932187354 2 4161 0.0004806536890170632 0.004987531172069825
2 8 512 13 0.03724928366762178 0.08387406873347752 0.037455433308923605 0.05158788815991449 0.08284733907408308 2 4161 0.0004806536890170632 0.004987531172069825
12 8 512 2 0.004987531172069825 0.09637106464792117 0.005034800802713902 0.009484221542900729 0.08157292892957813 2 4161 0.0004806536890170632 0.004987531172069825
1 8 1024 50 0.4424778761061947 0.02715693342946407 0.3842890333007845 0.051173132746729216 0.02741167893639323 0 4161 0.0 0.0
2 8 1024 33 0.09880239520958084 0.08026916606584955 0.09857704562144418 0.08857672108619394 0.08041852057118848 0 4161 0.0 0.0
12 8 1024 0 0.0 0.08579668348954578 0 0 0 0 4161 0.0 0.0
1 3 2 0 0 0.0 0 0 0 6 4161 0.0014419610670511895 0.010434782608695653
2 3 2 87 0.1332312404287902 0.15693342946407113 0.13343077015700355 0.14411427469762156 0.15665749104031115 6 4161 0.0014419610670511895 0.010434782608695653
12 3 2 6 0.010434782608695653 0.13818793559240566 0.010531178180885779 0.01940431563228541 0.12324806126148431 6 4161 0.0014419610670511895 0.010434782608695653
1 3 4 83 0.1777301927194861 0.11223263638548425 0.17670915073997273 0.1375840355522742 0.1126436433683239 1 4161 0.0002403268445085316 0.0016286644951140066
2 3 4 0 0.0 0.06416726748377793 0 0 0 1 4161 0.0002403268445085316 0.0016286644951140066
12 3 4 1 0.0016286644951140066 0.1475606825282384 0.0016447696026929515 0.003221769507053524 0.07819229954507398 1 4161 0.0002403268445085316 0.0016286644951140066
1 3 8 60 0.46153846153846156 0.031242489786109107 0.4061536557953455 0.05852340936374549 0.03153356896116944 8 4161 0.0019226147560682527 0.01034928848641656
2 3 8 27 0.036585365853658534 0.1773612112472963 0.03687515490800505 0.0606583651830847 0.17085212894707888 8 4161 0.0019226147560682527 0.01034928848641656
12 3 8 8 0.01034928848641656 0.18577265080509492 0.010446961428616256 0.019606320057956587 0.1590758186591088 8 4161 0.0019226147560682527 0.01034928848641656
1 3 16 50 0.6410256410256411 0.018745493871665464 0.4824545287525262 0.03642578945893693 0.018927413872338417 7 4161 0.0016822879115597211 0.015250544662309368
2 3 16 34 0.07327586206896551 0.11151165585195866 0.07352547455654482 0.0884379291980828 0.11093850346759411 7 4161 0.0016822879115597211 0.015250544662309368
12 3 16 7 0.015250544662309368 0.110310021629416 0.015381784535000737 0.026796437149719774 0.10389798746934811 7 4161 0.0016822879115597211 0.015250544662309368
1 3 32 83 0.24924924924924924 0.08002883922134102 0.24413807868508886 0.12115672917598169 0.08057043242382521 4 4161 0.0009613073780341264 0.006339144215530904
2 3 32 9 0.021791767554479417 0.09925498678202355 0.021961468085154923 0.0357372919651184 0.0958804679592662 4 4161 0.0009613073780341264 0.006339144215530904
12 3 32 4 0.006339144215530904 0.15164623888488343 0.006399860376176947 0.012169573655090948 0.12359585971033099 4 4161 0.0009613073780341264 0.006339144215530904
1 3 64 30 0.6122448979591837 0.011776015380918048 0.4068451483846217 0.023107575983840414 0.011891488307023539 0 4161 0.0 0.0
2 3 64 30 0.35714285714285715 0.020187454938716654 0.3064918174921426 0.03821482189163368 0.020377810956171853 0 4161 0.0 0.0
12 3 64 0 0.0 0.017303532804614274 0 0 0 0 4161 0.0 0.0
1 3 128 46 0.5168539325842697 0.02138908916125931 0.42042854847860617 0.041078228238020945 0.021594043738417185 6 4161 0.0014419610670511895 0.010186757215619695
2 3 128 38 0.06540447504302926 0.13962989665945685 0.06575053566029444 0.08908184530714434 0.1380784044644243 6 4161 0.0014419610670511895 0.010186757215619695
12 3 128 6 0.010186757215619695 0.1415525114155251 0.010281225953829165 0.019005773259081385 0.12552536098731112 6 4161 0.0014419610670511895 0.010186757215619695
1 3 256 45 0.3409090909090909 0.03172314347512617 0.31090692847648144 0.05804494085572314 0.0320105876002912 2 4161 0.0004806536890170632 0.004784688995215311
2 3 256 37 0.09919571045576407 0.08964191300168228 0.09909114736859839 0.09417713572125587 0.08972747624064609 2 4161 0.0004806536890170632 0.004784688995215311
12 3 256 2 0.004784688995215311 0.1004566210045662 0.004830235272890902 0.009134315964293128 0.08385538531209903 2 4161 0.0004806536890170632 0.004784688995215311
1 3 512 58 0.5523809523809524 0.025234318673395817 0.45771142057301556 0.048263810463499 0.025475024151137976 4 4161 0.0009613073780341264 0.011299435028248588
2 3 512 30 0.08875739644970414 0.08123047344388368 0.08867604160623696 0.0848272919681772 0.0812987348661342 4 4161 0.0009613073780341264 0.011299435028248588
12 3 512 4 0.011299435028248588 0.08507570295602018 0.011397291923873969 0.019949281487743026 0.07990988514378819 4 4161 0.0009613073780341264 0.011299435028248588
1 3 1024 56 0.5233644859813084 0.02571497236241288 0.4392081955648965 0.04902133229705683 0.02595936721962022 0 4161 0.0 0.0
2 3 1024 22 0.07942238267148015 0.06657053592886325 0.07927086067485596 0.07243078129921375 0.06667736259264913 0 4161 0.0 0.0
12 3 1024 0 0.0 0.07257870704157654 0 0 0 0 4161 0.0 0.0
1 5 2 1 0.09090909090909091 0.0026435952895938475 0.06832298136645963 0.005137786081270434 0.002669255035185634 3 4161 0.0007209805335255948 0.007462686567164179
2 5 2 71 0.15301724137931033 0.11151165585195866 0.15245540773802335 0.12900825685738174 0.1118119404016265 3 4161 0.0007209805335255948 0.007462686567164179
12 5 2 3 0.007462686567164179 0.0966113914924297 0.0075314957759850245 0.013855141394819833 0.08639311612705546 3 4161 0.0007209805335255948 0.007462686567164179
1 5 4 83 0.166 0.1201634222542658 0.16537541798079594 0.13941074604904904 0.12049283769759933 6 4161 0.0014419610670511895 0.010471204188481676
2 5 4 7 0.03910614525139665 0.043018505167027155 0.03914139031994969 0.04096913418781062 0.04297593574443388 6 4161 0.0014419610670511895 0.010471204188481676
12 5 4 6 0.010471204188481676 0.1377072819033886 0.010567880458213568 0.019462488854922938 0.1229191954912849 6 4161 0.0014419610670511895 0.010471204188481676
1 5 8 87 0.23513513513513515 0.08892093246815669 0.23136837321529943 0.12904208599999598 0.08947178679934832 4 4161 0.0009613073780341264 0.005943536404160475
2 5 8 3 0.006993006993006993 0.10310021629416005 0.007058149712137154 0.013097636929840631 0.09075143419060126 4 4161 0.0009613073780341264 0.005943536404160475
12 5 8 4 0.005943536404160475 0.16173996635424176 0.0060007666375984725 0.011465735891969938 0.12841273132328512 4 4161 0.0009613073780341264 0.005943536404160475
1 5 16 78 0.47560975609756095 0.03941360249939918 0.4286410997698196 0.0727947327388506 0.03977477731528195 1 4161 0.0002403268445085316 0.007751937984496124
2 5 16 0 0.0 0.010334054313866858 0 0 0 1 4161 0.0002403268445085316 0.007751937984496124
12 5 16 1 0.007751937984496124 0.031002162941600575 0.007809929021897652 0.012402653591000866 0.03010807850423232 1 4161 0.0002403268445085316 0.007751937984496124
1 5 32 26 0.9629629629629629 0.006488824801730353 0.3915377224081375 0.012890786393058807 0.006553271464431851 2 4161 0.0004806536890170632 0.005263157894736842
2 5 32 45 0.10688836104513064 0.1011776015380918 0.10682866082921189 0.10395461005360974 0.10123115114105098 2 4161 0.0004806536890170632 0.005263157894736842
12 5 32 2 0.005263157894736842 0.091324200913242 0.005312727664845787 0.009952724558347847 0.07859922178988328 2 4161 0.0004806536890170632 0.005263157894736842
1 5 64 77 0.4425287356321839 0.0418168709444845 0.40418136575391195 0.07641306858526319 0.04219516721808584 5 4161 0.001201634222542658 0.007961783439490446
2 5 64 15 0.026737967914438502 0.13482335976928622 0.026951896992866386 0.0446258113783887 0.1296348918073384 5 4161 0.001201634222542658 0.007961783439490446
12 5 64 5 0.007961783439490446 0.15092525835135784 0.008037161417722429 0.015125641575282582 0.1281433796493088 5 4161 0.001201634222542658 0.007961783439490446
1 5 128 81 0.36818181818181817 0.05287190579187695 0.34765419087853466 0.09246551352865938 0.05332405007036516 2 4161 0.0004806536890170632 0.004842615012106538
2 5 128 4 0.013559322033898305 0.07089641913001682 0.013668772989642102 0.022764760921779897 0.06804744707880726 2 4161 0.0004806536890170632 0.004842615012106538
12 5 128 2 0.004842615012106538 0.09925498678202355 0.004888656004592264 0.009234673628075197 0.08319563129693877 2 4161 0.0004806536890170632 0.004842615012106538
1 5 256 34 0.5230769230769231 0.015621244893054553 0.39578065655508937 0.030336515693312926 0.015772746946022098 4 4161 0.0009613073780341264 0.008791208791208791
2 5 256 48 0.10105263157894737 0.1141552511415525 0.10116760099231059 0.10720507437352035 0.1140088893069633 4 4161 0.0009613073780341264 0.008791208791208791
12 5 256 4 0.008791208791208791 0.10934871425138187 0.0088719881477729 0.016274047811721787 0.09822461493247125 4 4161 0.0009613073780341264 0.008791208791208791
1 5 512 83 0.3562231759656652 0.05599615477048786 0.3382663726955284 0.09677919790217489 0.0564673530132719 5 4161 0.001201634222542658 0.014970059880239521
2 5 512 2 0.01020408163265306 0.04710406152367219 0.010283844711659093 0.016774359193803757 0.045475846986501506 5 4161 0.001201634222542658 0.014970059880239521
12 5 512 5 0.014970059880239521 0.08026916606584955 0.015091614879739952 0.025234019084171316 0.07694602692631941 5 4161 0.001201634222542658 0.014970059880239521
1 5 1024 79 0.4514285714285714 0.04205719778899303 0.41174722127942787 0.07694576784362617 0.04243823232411494 2 4161 0.0004806536890170632 0.007905138339920948
2 5 1024 2 0.012269938650306749 0.03917327565489065 0.01235394274848399 0.018686767361210627 0.038340927536974434 2 4161 0.0004806536890170632 0.007905138339920948
12 5 1024 2 0.007905138339920948 0.06080269166065849 0.007973822719824651 0.01399123474029116 0.05702464492099499 2 4161 0.0004806536890170632 0.007905138339920948
1 7 2 78 0.1935483870967742 0.09685171833693823 0.19165386190952283 0.12910115059131316 0.09733317975858206 1 4161 0.0002403268445085316 0.002008032128514056
2 7 2 9 0.04591836734693878 0.04710406152367219 0.045929814240552265 0.046503657813220856 0.04709202191939557 1 4161 0.0002403268445085316 0.002008032128514056
12 7 2 1 0.002008032128514056 0.11968276856524873 0.0020277722310828236 0.003949794777229195 0.07573813740016624 1 4161 0.0002403268445085316 0.002008032128514056
1 7 4 82 0.3166023166023166 0.06224465272770968 0.30429083617073005 0.10403568113293965 0.06274374379173354 4 4161 0.0009613073780341264 0.007575757575757576
2 7 4 4 0.010582010582010581 0.09084354722422494 0.010675395336078657 0.018955919963893487 0.08449806449899407 4 4161 0.0009613073780341264 0.007575757575757576
12 7 4 4 0.007575757575757576 0.12689257390050468 0.007646949759247557 0.014297899995938097 0.10977447323567915 4 4161 0.0009613073780341264 0.007575757575757576
1 7 8 79 0.32644628099173556 0.058159096371064645 0.3121876879005885 0.09872883653555667 0.058636222070846004 5 4161 0.001201634222542658 0.0072254335260115606
2 7 8 12 0.0210896309314587 0.13674597452535447 0.02126772711505373 0.03654336581097317 0.12970341516516673 5 4161 0.001201634222542658 0.0072254335260115606
12 7 8 5 0.0072254335260115606 0.16630617639990386 0.007294518642863845 0.013849168149314845 0.1365417345871865 5 4161 0.001201634222542658 0.0072254335260115606
1 7 16 73 0.3882978723404255 0.04518144676760394 0.36114349792725825 0.08094439054311893 0.045580225134331256 0 4161 0.0 0.0
2 7 16 14 0.025500910746812388 0.13193943763518384 0.02570623551204149 0.04274096008674981 0.12670331548225577 0 4161 0.0 0.0
12 7 16 0 0.0 0.14972362412881518 0 0 0 0 4161 0.0 0.0
1 7 32 63 0.48091603053435117 0.03148281663061764 0.4213602676718684 0.05909689800360897 0.0317768423192288 0 4161 0.0 0.0
2 7 32 10 0.16393442622950818 0.014659937515020427 0.14892074158226776 0.02691314994154111 0.01479330788304907 0 4161 0.0 0.0
12 7 32 0 0.0 0.027877913962989664 0 0 0 0 4161 0.0 0.0
1 7 64 29 0.6041666666666666 0.011535688536409516 0.40046828401254453 0.02263911590349101 0.01164882124786357 3 4161 0.0007209805335255948 0.009900990099009901
2 7 64 54 0.15976331360946747 0.08123047344388368 0.1582485298856718 0.10770111347798123 0.08162774794005787 3 4161 0.0007209805335255948 0.009900990099009901
12 7 64 3 0.009900990099009901 0.07281903388608507 0.009986421755734531 0.017431826026924405 0.06850860638948027 3 4161 0.0007209805335255948 0.009900990099009901
1 7 128 87 0.19376391982182628 0.10790675318433068 0.19224941181721739 0.13861762075768974 0.1083822421005749 5 4161 0.001201634222542658 0.009487666034155597
2 7 128 2 0.010416666666666666 0.046142754145638065 0.010497136185076982 0.01699641481874917 0.044627323189086195 5 4161 0.001201634222542658 0.009487666034155597
12 7 128 5 0.009487666034155597 0.12665224705599615 0.009575369674536014 0.017652930654464816 0.112853755932948 5 4161 0.001201634222542658 0.009487666034155597
1 7 256 72 0.3829787234042553 0.04518144676760394 0.35658290366803064 0.08082738194759595 0.04557948938980368 5 4161 0.001201634222542658 0.009861932938856016
2 7 256 15 0.035545023696682464 0.10141792838260033 0.03577508916073498 0.05264055151996474 0.0995905653699679 5 4161 0.001201634222542658 0.009861932938856016
12 7 256 5 0.009861932938856016 0.12184571016582552 0.009952496928655599 0.01824699302511391 0.10953139378040844 5 4161 0.001201634222542658 0.009861932938856016
1 7 512 81 0.3253012048192771 0.059841384282624366 0.3116146645758444 0.1010871036131535 0.06032881913135306 6 4161 0.0014419610670511895 0.010238907849829351
2 7 512 7 0.015590200445434299 0.10790675318433068 0.015723385546162812 0.027244200963905552 0.1019307382298628 6 4161 0.0014419610670511895 0.010238907849829351
12 7 512 6 0.010238907849829351 0.1408315308819995 0.010333783933136243 0.019089916983836552 0.1250410211845369 6 4161 0.0014419610670511895 0.010238907849829351
1 7 1024 61 0.4206896551724138 0.03484739245373708 0.37912703744523774 0.06436331618433595 0.035166736375938 6 4161 0.0014419610670511895 0.010869565217391304
2 7 1024 25 0.049800796812749 0.12064407594328286 0.05009202935850153 0.07049987501018175 0.11896846629369137 6 4161 0.0014419610670511895 0.010869565217391304
12 7 1024 6 0.010869565217391304 0.13266041816870944 0.010969273167601924 0.020092820092820093 0.11941295910761558 6 4161 0.0014419610670511895 0.010869565217391304
1 4 2 9 0.2571428571428571 0.008411439557798606 0.19890715165458991 0.016290013962869113 0.008492775868397345 2 4161 0.0004806536890170632 0.0060790273556231
2 4 2 65 0.17615176151761516 0.08868060562364816 0.17444810865754054 0.11797081347479008 0.08911875846150602 2 4161 0.0004806536890170632 0.0060790273556231
12 4 2 2 0.0060790273556231 0.07906753184330689 0.006135100718934325 0.011290031999862735 0.07066684672403692 2 4161 0.0004806536890170632 0.0060790273556231
1 4 4 87 0.18200836820083682 0.1148762316750781 0.18096132480572186 0.1408522737857139 0.11529728472644347 7 4161 0.0016822879115597211 0.011494252873563218
2 4 4 5 0.02040816326530612 0.05888007690459024 0.020541048477538494 0.03031052826920698 0.05780124034991416 7 4161 0.0016822879115597211 0.011494252873563218
12 4 4 7 0.011494252873563218 0.14635904830569574 0.011600085318873632 0.02131457370852583 0.1311260480554614 7 4161 0.0016822879115597211 0.011494252873563218
1 4 8 82 0.2469879518072289 0.07978851237683249 0.24196764371015458 0.12061334526589076 0.08032690451044369 3 4161 0.0007209805335255948 0.005145797598627788
2 4 8 3 0.008241758241758242 0.0874789714011055 0.008316340653274452 0.015064250684581905 0.0798756659202373 3 4161 0.0007209805335255948 0.005145797598627788
12 4 8 3 0.005145797598627788 0.14011055034847392 0.005195347495129831 0.009927008956443759 0.11122668649638047 3 4161 0.0007209805335255948 0.005145797598627788
1 4 16 83 0.23249299719887956 0.08579668348954578 0.22862267931515204 0.12533945838938096 0.0863360451865723 4 4161 0.0009613073780341264 0.007326007326007326
2 4 16 3 0.010309278350515464 0.06993511175198269 0.01039704463714346 0.01796961837717673 0.06614722940537038 4 4161 0.0009613073780341264 0.007326007326007326
12 4 16 4 0.007326007326007326 0.13121845710165825 0.007395138647786305 0.013877239801753717 0.11239857407531964 4 4161 0.0009613073780341264 0.007326007326007326
1 4 32 82 0.4685714285714286 0.04205719778899303 0.42581577353129035 0.07718643347578309 0.0424396775187715 8 4161 0.0019226147560682527 0.010075566750629723
2 4 32 13 0.018030513176144243 0.17327565489065128 0.01819188840780847 0.03266229217993707 0.15966444380391695 8 4161 0.0019226147560682527 0.010075566750629723
12 4 32 8 0.010075566750629723 0.19081951453977408 0.010170951997505012 0.01914048610567043 0.16203934294394168 8 4161 0.0019226147560682527 0.010075566750629723
1 4 64 77 0.39285714285714285 0.04710406152367219 0.3662405330902449 0.0841218127548333 0.0475181273114668 9 4161 0.0021629416005767843 0.01267605633802817
2 4 64 19 0.030110935023771792 0.15164623888488343 0.030351777768325223 0.05024516994258413 0.1458188951164978 9 4161 0.0021629416005767843 0.01267605633802817
12 4 64 9 0.01267605633802817 0.17063205960105743 0.012793312898735473 0.02359897257681207 0.15189220993174862 9 4161 0.0021629416005767843 0.01267605633802817
1 4 128 62 0.38509316770186336 0.038692621965873586 0.3537378924536206 0.07031979232343441 0.03904032203070919 3 4161 0.0007209805335255948 0.008
2 4 128 14 0.04666666666666667 0.07209805335255948 0.046830216949094165 0.056659516775264075 0.07171112688913682 3 4161 0.0007209805335255948 0.008
12 4 128 3 0.008 0.09012256669069935 0.008072833906797614 0.014695509052433576 0.08180787299530212 3 4161 0.0007209805335255948 0.008
1 4 256 7 0.1320754716981132 0.012737322758952174 0.12086366671289919 0.023233967935871742 0.012852301261975181 9 4161 0.0021629416005767843 0.013177159590043924
2 4 256 81 0.11297071129707113 0.17231434751261715 0.11335723897648319 0.13647033943110923 0.17142277751753604 9 4161 0.0021629416005767843 0.013177159590043924
12 4 256 9 0.013177159590043924 0.16414323479932708 0.01329825555645827 0.024395858220654126 0.14742095778851108 9 4161 0.0021629416005767843 0.013177159590043924
1 4 512 48 0.4485981308411215 0.02571497236241288 0.3857840235366213 0.048641660786922815 0.025957242626430444 4 4161 0.0009613073780341264 0.0087527352297593
2 4 512 35 0.08009153318077804 0.1050228310502283 0.08028022295399229 0.09087830209979678 0.10470014203832073 4 4161 0.0009613073780341264 0.0087527352297593
12 4 512 4 0.0087527352297593 0.10982936794039894 0.00883322303845113 0.016213363607739485 0.09856030885376157 4 4161 0.0009613073780341264 0.0087527352297593
1 4 1024 17 0.2463768115942029 0.01658255227108868 0.2166513970342168 0.031073670825717232 0.016737112770699728 4 4161 0.0009613073780341264 0.006779661016949152
2 4 1024 61 0.10234899328859061 0.14323479932708483 0.10263907166878625 0.11938847721895386 0.14267051000966846 4 4161 0.0009613073780341264 0.006779661016949152
12 4 1024 4 0.006779661016949152 0.14179283826003364 0.006844185158926023 0.012940582984230035 0.11843975155279504 4 4161 0.0009613073780341264 0.006779661016949152
1 6 2 87 0.23641304347826086 0.08844027877913962 0.23256051121058238 0.12872539105926248 0.08899177028347878 7 4161 0.0016822879115597211 0.0109375
2 6 2 4 0.01020408163265306 0.09420812304734438 0.010294971528391908 0.018413697536228478 0.08710804460129015 7 4161 0.0016822879115597211 0.0109375
12 6 2 7 0.0109375 0.15380918048546022 0.01103902505657171 0.020422723014539793 0.1361948048039009 7 4161 0.0016822879115597211 0.0109375
1 6 4 83 0.19080459770114944 0.10454217736121124 0.18925840400671315 0.13507598374823226 0.10501223523618435 1 4161 0.0002403268445085316 0.001597444089456869
2 6 4 4 0.012461059190031152 0.07714491708723864 0.012565373194025547 0.02145632284747462 0.0733738778267563 1 4161 0.0002403268445085316 0.001597444089456869
12 6 4 1 0.001597444089456869 0.15044460466234078 0.0016132472332641547 0.003161320785684166 0.07825232432646514 1 4161 0.0002403268445085316 0.001597444089456869
1 6 8 39 0.20526315789473684 0.045662100456621 0.19839730836451916 0.07470548798007855 0.04601635514018691 1 4161 0.0002403268445085316 0.004366812227074236
2 6 8 26 0.23423423423423423 0.026676279740447006 0.21748044820284626 0.047897632502676195 0.0269123927688144 1 4161 0.0002403268445085316 0.004366812227074236
12 6 8 1 0.004366812227074236 0.055034847392453734 0.004406983570367403 0.008091586869721919 0.049363876373679144 1 4161 0.0002403268445085316 0.004366812227074236
1 6 16 83 0.2618296529968454 0.07618360970920451 0.25566132009551806 0.1180257125682962 0.07672221001779352 7 4161 0.0016822879115597211 0.011093502377179081
2 6 16 11 0.02528735632183908 0.10454217736121124 0.025478600553524355 0.04072409743144564 0.1013957294141713 7 4161 0.0016822879115597211 0.011093502377179081
12 6 16 7 0.011093502377179081 0.15164623888488343 0.011196246918106402 0.02067458014266724 0.13474350025567366 7 4161 0.0016822879115597211 0.011093502377179081
1 6 32 83 0.33067729083665337 0.06032203797164143 0.3166269979984841 0.10203152089802235 0.060814321075446 4 4161 0.0009613073780341264 0.006825938566552901
2 6 32 6 0.013636363636363636 0.1057438115837539 0.013754989304598212 0.024157462734368564 0.09911530741208832 4 4161 0.0009613073780341264 0.006825938566552901
12 6 32 4 0.006825938566552901 0.1408315308819995 0.0068908580344230865 0.01302077546939229 0.11791237755230112 4 4161 0.0009613073780341264 0.006825938566552901
1 6 64 44 0.6376811594202898 0.01658255227108868 0.4651751256098448 0.032324522877904646 0.016744023601387 8 4161 0.0019226147560682527 0.01384083044982699
2 6 64 44 0.07357859531772576 0.1437154530161019 0.07393584884537072 0.09732784896280296 0.14237176848349545 8 4161 0.0019226147560682527 0.01384083044982699
12 6 64 8 0.01384083044982699 0.13890891612593126 0.013965323759972883 0.025173393726250232 0.12750171722609832 8 4161 0.0019226147560682527 0.01384083044982699
1 6 128 83 0.3007246376811594 0.06633020908435472 0.29055867771833166 0.10868745240653889 0.0668460701857908 2 4161 0.0004806536890170632 0.002789400278940028
2 6 128 5 0.0088339222614841 0.13602499399182888 0.0089164708269689 0.016590407461579724 0.11905337096435605 2 4161 0.0004806536890170632 0.002789400278940028
12 6 128 2 0.002789400278940028 0.17231434751261715 0.0028168382959312737 0.005489930342201829 0.10758017037946532 2 4161 0.0004806536890170632 0.002789400278940028
1 6 256 77 0.4556213017751479 0.04061523672194184 0.413761763351264 0.07458204139180073 0.04098485415220987 3 4161 0.0007209805335255948 0.008356545961002786
2 6 256 12 0.041237113402061855 0.06993511175198269 0.041405338697952765 0.051882061910810996 0.0694565311790489 3 4161 0.0007209805335255948 0.008356545961002786
12 6 256 3 0.008356545961002786 0.08627733717856284 0.008431944509794634 0.01523725983984607 0.07898526047048281 3 4161 0.0007209805335255948 0.008356545961002786
1 6 512 83 0.33739837398373984 0.05912040374909877 0.32237453929309895 0.10061126591915324 0.05960716153763976 6 4161 0.0014419610670511895 0.009950248756218905
2 6 512 7 0.014925373134328358 0.11271329007450132 0.015054691604313546 0.0263601618705036 0.10584707378168272 6 4161 0.0014419610670511895 0.009950248756218905
12 6 512 6 0.009950248756218905 0.14491708723864455 0.010042855651697283 0.01862188766647365 0.12775919521965004 6 4161 0.0014419610670511895 0.009950248756218905
1 6 1024 60 0.4838709677419355 0.029800528719057917 0.42044246500229404 0.05614331637966163 0.03008000840305994 3 4161 0.0007209805335255948 0.008620689655172414
2 6 1024 17 0.05537459283387622 0.0737803412641192 0.05551170500725754 0.06326597408264943 0.07353833014157886 3 4161 0.0007209805335255948 0.008620689655172414
12 6 1024 3 0.008620689655172414 0.083633741888969 0.008697931011954829 0.015630263423836152 0.07699992113357344 3 4161 0.0007209805335255948 0.008620689655172414
1 1 2 80 0.2857142857142857 0.06729151646238885 0.27681796380223367 0.10892822408091811 0.0678047377002014 3 4161 0.0007209805335255948 0.008108108108108109
2 1 2 5 0.02617801047120419 0.045902427301129534 0.026289860326173614 0.03334147959361799 0.045562525124221716 3 4161 0.0007209805335255948 0.008108108108108109
12 1 2 3 0.008108108108108109 0.08892093246815669 0.008181728815135184 0.014861128776366788 0.0809341611319665 3 4161 0.0007209805335255948 0.008108108108108109
1 1 4 74 0.22629969418960244 0.07858687815428983 0.22216519613912206 0.11666100187299773 0.07909806384675365 3 4161 0.0007209805335255948 0.0064516129032258064
2 1 4 12 0.0502092050209205 0.05743811583753905 0.050271848542319794 0.05358093654544945 0.05735635418025904 3 4161 0.0007209805335255948 0.0064516129032258064
12 1 4 3 0.0064516129032258064 0.11175198269646719 0.006512369341820144 0.012198961120730363 0.09620525426332771 3 4161 0.0007209805335255948 0.0064516129032258064
1 1 8 5 0.1 0.01201634222542658 0.09324052362400989 0.021454623471358077 0.012121939510321653 5 4161 0.001201634222542658 0.008532423208191127
2 1 8 77 0.12399355877616747 0.14924297043979812 0.12420160661972818 0.13545163291494225 0.1489426741880679 5 4161 0.001201634222542658 0.008532423208191127
12 1 8 5 0.008532423208191127 0.1408315308819995 0.008612529450686045 0.016090016227303057 0.12208857145686117 5 4161 0.001201634222542658 0.008532423208191127
1 1 16 1 0.3333333333333333 0.0007209805335255948 0.05986959098992293 0.0014388489208633094 0.0007281745888697434 8 4161 0.0019226147560682527 0.01034928848641656
2 1 16 87 0.10320284697508897 0.20259552992069213 0.10370659057097348 0.13674654316015572 0.20068193660437605 8 4161 0.0019226147560682527 0.01034928848641656
12 1 16 8 0.01034928848641656 0.18577265080509492 0.010446961428616256 0.019606320057956587 0.1590758186591088 8 4161 0.0019226147560682527 0.01034928848641656
1 1 32 74 0.15913978494623657 0.11175198269646719 0.15847443646070705 0.13130104800444156 0.11208243133745328 1 4161 0.0002403268445085316 0.0017921146953405018
2 1 32 9 0.045454545454545456 0.047584715212689255 0.04547470103078717 0.046495244804508624 0.047562646269764246 1 4161 0.0002403268445085316 0.0017921146953405018
12 1 32 1 0.0017921146953405018 0.13410237923576063 0.0018097939854070067 0.0035369622058473976 0.0774718748969021 1 4161 0.0002403268445085316 0.0017921146953405018
1 1 64 60 0.425531914893617 0.033886085075702954 0.3818371943371943 0.06277338141507229 0.034197713500676644 0 4161 0.0 0.0
2 1 64 14 0.05533596837944664 0.06080269166065849 0.055385271817330876 0.05794066888592624 0.06074327661739913 0 4161 0.0 0.0
12 1 64 0 0.0 0.07474164864215332 0 0 0 0 4161 0.0 0.0
1 1 128 71 0.461038961038961 0.037010334054313865 0.4140686778668864 0.0685201490222374 0.037350453968394835 5 4161 0.001201634222542658 0.008103727714748784
2 1 128 13 0.02355072463768116 0.13266041816870944 0.023744079877100664 0.04000033445095695 0.12684205331322834 5 4161 0.001201634222542658 0.008103727714748784
12 1 128 5 0.008103727714748784 0.148281663061764 0.008180294386632819 0.0153676020065057 0.126599379405645 5 4161 0.001201634222542658 0.008103727714748784
1 1 256 52 0.5473684210526316 0.0228310502283105 0.4459312593397636 0.043833768861164954 0.023049746549340583 7 4161 0.0016822879115597211 0.013592233009708738
2 1 256 32 0.06336633663366337 0.12136505647680845 0.06366758294269247 0.08326098661177761 0.12027508755381727 7 4161 0.0016822879115597211 0.013592233009708738
12 1 256 7 0.013592233009708738 0.12376832492189377 0.013713095623104379 0.02449448279610806 0.11457318847990433 7 4161 0.0016822879115597211 0.013592233009708738
1 1 512 28 0.5283018867924528 0.012737322758952174 0.37715395764554305 0.024874913046757798 0.012861595064670522 1 4161 0.0002403268445085316 0.0022675736961451248
2 1 512 46 0.09850107066381156 0.11223263638548425 0.09862053736888932 0.10491947398625136 0.11207794081510375 1 4161 0.0002403268445085316 0.0022675736961451248
12 1 512 1 0.0022675736961451248 0.10598413842826243 0.0022897595297533793 0.004440148609055487 0.07294855228053279 1 4161 0.0002403268445085316 0.0022675736961451248
1 1 1024 31 0.24031007751937986 0.031002162941600575 0.22525292915975823 0.05491924851680948 0.03127184108135955 2 4161 0.0004806536890170632 0.0055248618784530384
2 1 1024 43 0.13738019169329074 0.07522230233117039 0.1362653487336333 0.09721479854961501 0.07556079344894731 2 4161 0.0004806536890170632 0.0055248618784530384
12 1 1024 2 0.0055248618784530384 0.08699831771208844 0.0055765690754368165 0.010389908586025285 0.07591430624016345 2 4161 0.0004806536890170632 0.0055248618784530384
1 2 2 83 0.21671018276762402 0.0920451814467676 0.2138425975354235 0.1292099209026688 0.09257244235783714 1 4161 0.0002403268445085316 0.001692047377326565
2 2 2 0 0.0 0.07690459024273011 0 0 0 1 4161 0.0002403268445085316 0.001692047377326565
12 2 2 1 0.001692047377326565 0.14203316510454217 0.001708764285254825 0.0033442545028604413 0.07798860959443729 1 4161 0.0002403268445085316 0.001692047377326565
1 2 4 57 0.5377358490566038 0.02547464551790435 0.4484511422518164 0.04864479717245072 0.02571720872777439 6 4161 0.0014419610670511895 0.008571428571428572
2 2 4 27 0.039589442815249266 0.16390290795481854 0.039888988566522406 0.06377463110701663 0.15896085274445154 6 4161 0.0014419610670511895 0.008571428571428572
12 2 4 6 0.008571428571428572 0.1682287911559721 0.008652734200774356 0.016311756504312908 0.14203442041116987 6 4161 0.0014419610670511895 0.008571428571428572
1 2 8 74 0.26618705035971224 0.06681086277337178 0.2585478865061768 0.1068126002731063 0.06731002850656023 8 4161 0.0019226147560682527 0.011095700416088766
2 2 8 18 0.03202846975088968 0.13506368661379475 0.03227222536646264 0.05177841133023836 0.13089451683935366 8 4161 0.0019226147560682527 0.011095700416088766
12 2 8 8 0.011095700416088766 0.17327565489065128 0.01119948583346784 0.020855894375453106 0.15136979520823063 8 4161 0.0019226147560682527 0.011095700416088766
1 2 16 47 0.3643410852713178 0.031002162941600575 0.3292863722376103 0.05714204931011083 0.031285563358856315 8 4161 0.0019226147560682527 0.010899182561307902
2 2 16 42 0.06025824964131994 0.16750781062244652 0.0606426798183973 0.08863241044490297 0.16460708821602307 8 4161 0.0019226147560682527 0.010899182561307902
12 2 16 8 0.010899182561307902 0.1763999038692622 0.011001376990005805 0.020529889309213976 0.15334542020852443 8 4161 0.0019226147560682527 0.010899182561307902
1 2 32 73 0.2673992673992674 0.06560922855082912 0.25949710525918845 0.10536583818421177 0.06610312984023653 3 4161 0.0007209805335255948 0.004081632653061225
2 2 32 18 0.030508474576271188 0.14179283826003364 0.030747402500646556 0.05021300337117433 0.1368504318758851 3 4161 0.0007209805335255948 0.004081632653061225
12 2 32 3 0.004081632653061225 0.17664023071377072 0.004121496623770568 0.007978896632579953 0.12451880739715691 3 4161 0.0007209805335255948 0.004081632653061225
1 2 64 83 0.2034313725490196 0.09805335255948089 0.20128953069790345 0.13232596170190317 0.09855883525588911 3 4161 0.0007209805335255948 0.00641025641025641
2 2 64 0 0.0 0.03917327565489065 0 0 0 3 4161 0.0007209805335255948 0.00641025641025641
12 2 64 3 0.00641025641025641 0.11247296322999278 0.006470671095985318 0.012129222874470318 0.09664123261120244 3 4161 0.0007209805335255948 0.00641025641025641
1 2 128 81 0.25796178343949044 0.07546262917567892 0.25192943440884114 0.11676694128368342 0.07599494430858414 2 4161 0.0004806536890170632 0.0029985007496251873
2 2 128 8 0.016736401673640166 0.1148762316750781 0.016879174298679363 0.02921626453555002 0.10857272008644797 2 4161 0.0004806536890170632 0.0029985007496251873
12 2 128 2 0.0029985007496251873 0.16029800528719057 0.0030279193608985294 0.005886882710260784 0.10550086955568484 2 4161 0.0004806536890170632 0.0029985007496251873
1 2 256 77 0.33189655172413796 0.05575582792597933 0.3163822945126751 0.09547299590349018 0.05621894311138908 3 4161 0.0007209805335255948 0.006666666666666667
2 2 256 7 0.0219435736677116 0.07666426339822158 0.02209975339108087 0.034120775013752214 0.07481702367355227 3 4161 0.0007209805335255948 0.006666666666666667
12 2 256 3 0.006666666666666667 0.10814708002883922 0.006729185164523025 0.012559132582576297 0.09398263027295284 3 4161 0.0007209805335255948 0.006666666666666667
1 2 512 53 0.5353535353535354 0.023792357606344627 0.44138966695068355 0.04555992602047461 0.024019606310101194 3 4161 0.0007209805335255948 0.0051813471502590676
2 2 512 24 0.04293381037567084 0.13434270608026916 0.043225008169589574 0.06507172392050345 0.1315692452413034 3 4161 0.0007209805335255948 0.0051813471502590676
12 2 512 3 0.0051813471502590676 0.1391492429704398 0.005231212732674644 0.00999068226524485 0.11078778509681783 3 4161 0.0007209805335255948 0.0051813471502590676
1 2 1024 70 0.44025157232704404 0.03821196827685652 0.3987167345896424 0.07032042230161964 0.038560618978665855 5 4161 0.001201634222542658 0.008547008547008548
2 2 1024 21 0.03977272727272727 0.12689257390050468 0.04004493920623923 0.060562861005284505 0.12419900267098923 5 4161 0.001201634222542658 0.008547008547008548
12 2 1024 5 0.008547008547008548 0.14059120403749098 0.008627233849069186 0.016114370713164204 0.12193913877967992 5 4161 0.001201634222542658 0.008547008547008548
1 9 2 60 0.42857142857142855 0.03364575823119442 0.3839504720183195 0.06239322587833321 0.033955558401639344 8 4161 0.0019226147560682527 0.010526315789473684
2 9 2 34 0.047156726768377254 0.17327565489065128 0.04749902610185165 0.0741371358581009 0.1688057079037564 8 4161 0.0019226147560682527 0.010526315789473684
12 9 2 8 0.010526315789473684 0.182648401826484 0.010625455329691573 0.019905449116695693 0.15719844357976656 8 4161 0.0019226147560682527 0.010526315789473684
1 9 4 83 0.17364016736401675 0.1148762316750781 0.1727651524248135 0.1382737907491021 0.1152624448925096 2 4161 0.0004806536890170632 0.004878048780487805
2 9 4 0 0.0 0.002403268445085316 0 0 0 2 4161 0.0004806536890170632 0.004878048780487805
12 9 4 2 0.004878048780487805 0.09853400624849795 0.004924391386964763 0.00929589280248495 0.08279516145156453 2 4161 0.0004806536890170632 0.004878048780487805
1 9 8 79 0.41578947368421054 0.045662100456621 0.38489925277736237 0.0822873808655799 0.04606812933025403 7 4161 0.0016822879115597211 0.008928571428571428
2 9 8 14 0.019801980198019802 0.16991107906753183 0.019976718493802368 0.035470155150572565 0.15804879776274416 7 4161 0.0016822879115597211 0.008928571428571428
12 9 8 7 0.008928571428571428 0.18841624609468877 0.009013585831513652 0.01704922310778632 0.15713979535947037 7 4161 0.0016822879115597211 0.008928571428571428
1 9 16 74 0.5441176470588235 0.032684450853160296 0.47112741794491253 0.06166477742716216 0.03299147780310586 7 4161 0.0016822879115597211 0.010086455331412104
2 9 16 19 0.028875379939209727 0.15813506368661379 0.02911097724637334 0.048833743796665385 0.15142374309018589 7 4161 0.0016822879115597211 0.010086455331412104
12 9 16 7 0.010086455331412104 0.16678683008892092 0.010181162813218684 0.019022521208466547 0.1445519830682643 7 4161 0.0016822879115597211 0.010086455331412104
1 9 32 81 0.24397590361445784 0.07978851237683249 0.2391043714210937 0.1202508579924653 0.08032371133605982 4 4161 0.0009613073780341264 0.0057306590257879654
2 9 32 9 0.018367346938775512 0.11776015380918048 0.01852213097530636 0.03177817250287337 0.111771643663739 4 4161 0.0009613073780341264 0.0057306590257879654
12 9 32 4 0.0057306590257879654 0.16774813746695505 0.005785988990222714 0.011082707483209223 0.13106129194777477 4 4161 0.0009613073780341264 0.0057306590257879654
1 9 64 61 0.5350877192982456 0.0273972602739726 0.4521337100502697 0.0521256141850032 0.02765707205832181 0 4161 0.0 0.0
2 9 64 17 0.0576271186440678 0.07089641913001682 0.057734106578905826 0.06357678021323258 0.07073515600724786 0 4161 0.0 0.0
12 9 64 0 0.0 0.0783465513097813 0 0 0 0 4161 0.0 0.0
1 9 128 65 0.203125 0.07690459024273011 0.19987697975303662 0.11156853016507315 0.07738066735668848 4 4161 0.0009613073780341264 0.00684931506849315
2 9 128 24 0.06201550387596899 0.09300648882480173 0.06222077894168802 0.07441323863431518 0.09254857530493028 4 4161 0.0009613073780341264 0.00684931506849315
12 9 128 4 0.00684931506849315 0.14035087719298245 0.006914433880726015 0.013061224489795919 0.11764705882352941 4 4161 0.0009613073780341264 0.00684931506849315
1 9 256 74 0.3333333333333333 0.05335255948089401 0.3168694619917751 0.09198259788688626 0.053799974086177864 6 4161 0.0014419610670511895 0.008583690987124463
2 9 256 18 0.030201342281879196 0.14323479932708483 0.030439174100778114 0.049884449239038946 0.13811673551717418 6 4161 0.0014419610670511895 0.008583690987124463
12 9 256 6 0.008583690987124463 0.16798846431146358 0.008665100298729269 0.016332825123109546 0.1418979827489003 6 4161 0.0014419610670511895 0.008583690987124463
1 9 512 73 0.3492822966507177 0.0502283105022831 0.329838503052215 0.08782675270698895 0.05065774557010966 3 4161 0.0007209805335255948 0.004392386530014641
2 9 512 15 0.025210084033613446 0.1429944724825763 0.025417373762209778 0.042863317644798775 0.1366722133567836 3 4161 0.0007209805335255948 0.004392386530014641
12 9 512 3 0.004392386530014641 0.16414323479932708 0.004435123579599002 0.008555823722472294 0.12068481894857033 3 4161 0.0007209805335255948 0.004392386530014641
1 9 1024 73 0.3443396226415094 0.0509492910358087 0.32576618544677505 0.08876474417617587 0.05138275682469871 2 4161 0.0004806536890170632 0.005115089514066497
2 9 1024 11 0.039568345323741004 0.06681086277337178 0.039728737636463105 0.049701353053512656 0.06635851274841095 2 4161 0.0004806536890170632 0.005115089514066497
12 9 1024 2 0.005115089514066497 0.09396779620283585 0.005163429722323299 0.009702052691327085 0.08017817824118016 2 4161 0.0004806536890170632 0.005115089514066497
1 10 2 83 0.17547568710359407 0.11367459745253544 0.17453618703155255 0.1379706620370696 0.11407237318472892 2 4161 0.0004806536890170632 0.0033003300330033004
2 10 2 5 0.020161290322580645 0.059601057438115834 0.020294253715441312 0.030130362414802755 0.05846861163657958 2 4161 0.0004806536890170632 0.0033003300330033004
12 10 2 2 0.0033003300330033004 0.14563806777217014 0.0033325781319039063 0.006454395858961864 0.10205796724460495 2 4161 0.0004806536890170632 0.0033003300330033004
1 10 4 43 0.18859649122807018 0.0547945205479452 0.18414441535314136 0.08491730436929153 0.055182140452079344 6 4161 0.0014419610670511895 0.011695906432748537
2 10 4 50 0.12531328320802004 0.0958904109589041 0.12493373387524298 0.10864504112990843 0.09611384664743483 6 4161 0.0014419610670511895 0.011695906432748537
12 10 4 6 0.011695906432748537 0.1232876712328767 0.011801669631149137 0.021364985163204748 0.11264638453435775 6 4161 0.0014419610670511895 0.011695906432748537
1 10 8 26 0.9629629629629629 0.006488824801730353 0.3915377224081375 0.012890786393058807 0.006553271464431851 0 4161 0.0 0.0
2 10 8 41 0.16872427983539096 0.058399423215573176 0.16562634093879666 0.08676681907250162 0.05877996622378833 0 4161 0.0 0.0
12 10 8 0 0.0 0.04854602259072338 0 0 0 0 4161 0.0 0.0
1 10 16 71 0.48299319727891155 0.035328046142754144 0.4291510386833045 0.06584027252081756 0.035655246936474164 0 4161 0.0 0.0
2 10 16 14 0.06481481481481481 0.05191059841384282 0.064655681568482 0.05764941378324278 0.05201312794019676 0 4161 0.0 0.0
12 10 16 0 0.0 0.06488824801730353 0 0 0 0 4161 0.0 0.0
1 10 32 81 0.405 0.04806536890170632 0.3772618243636618 0.08593229913988133 0.04848847650404071 5 4161 0.001201634222542658 0.009107468123861567
2 10 32 10 0.021834061135371178 0.11006969478490747 0.022008743929610844 0.036439727258984624 0.10583504394197445 5 4161 0.001201634222542658 0.009107468123861567
12 10 32 5 0.009107468123861567 0.13193943763518384 0.009192197647915406 0.01703878884936966 0.11639652529639141 5 4161 0.001201634222542658 0.009107468123861567
1 10 64 60 0.5825242718446602 0.024753664984378754 0.4762696862409962 0.04748932834874687 0.024990582188318674 7 4161 0.0016822879115597211 0.011254019292604502
2 10 64 30 0.048939641109298535 0.14732035568372986 0.04926537853833232 0.0734719805672804 0.14444539753377636 7 4161 0.0016822879115597211 0.011254019292604502
12 10 64 7 0.011254019292604502 0.14948329728430665 0.011358008480242035 0.02093213881363714 0.13327558868026998 7 4161 0.0016822879115597211 0.011254019292604502
1 10 128 83 0.34156378600823045 0.058399423215573176 0.32591732539894724 0.09974481469392599 0.058882741723461134 7 4161 0.0016822879115597211 0.01098901098901099
2 10 128 10 0.01949317738791423 0.1232876712328767 0.01965702917198279 0.0336637366747709 0.11711351894559181 7 4161 0.0016822879115597211 0.01098901098901099
12 10 128 7 0.01098901098901099 0.15308819995193462 0.011090939776009116 0.020506052021632762 0.13571288446569788 7 4161 0.0016822879115597211 0.01098901098901099
1 10 256 74 0.334841628959276 0.05311223263638548 0.3181335797630746 0.0916819666157447 0.05355840118110621 3 4161 0.0007209805335255948 0.005272407732864675
2 10 256 16 0.034782608695652174 0.11055034847392453 0.03502025008649534 0.05291613942252387 0.1082163861876201 3 4161 0.0007209805335255948 0.005272407732864675
12 10 256 3 0.005272407732864675 0.13674597452535447 0.005323079432033195 0.010153341026159576 0.10966940850259627 3 4161 0.0007209805335255948 0.005272407732864675
1 10 512 77 0.4350282485875706 0.04253785147801009 0.39861297768480386 0.07749782501151464 0.04292126080519587 1 4161 0.0002403268445085316 0.002277904328018223
2 10 512 6 0.01680672268907563 0.08579668348954578 0.016941602989412732 0.02810746973723059 0.08244586896052626 1 4161 0.0002403268445085316 0.002277904328018223
12 10 512 1 0.002277904328018223 0.10550348473924537 0.0023001867426468234 0.004459523978829959 0.07282764556413134 1 4161 0.0002403268445085316 0.002277904328018223
1 10 1024 66 0.6055045871559633 0.026195626051429943 0.49673964912088797 0.05021866830478836 0.026446141057223243 3 4161 0.0007209805335255948 0.007159904534606206
2 10 1024 8 0.02056555269922879 0.09348714251381879 0.02072561546067928 0.03371449929310055 0.0903163999182787 3 4161 0.0007209805335255948 0.007159904534606206
12 10 1024 3 0.007159904534606206 0.10069694784907474 0.007226365381886518 0.013369211461147392 0.0891639001278917 3 4161 0.0007209805335255948 0.007159904534606206
