1 8 4 2 0.021739130434782608 0.022110069694784906 0.021742742084560826 0.021923031097343025 0.022106334992339393 59 4161 0.014179283826003364 0.2260536398467433
2 8 4 59 0.33146067415730335 0.04277817832251862 0.3107010488593833 0.07577665296933794 0.043150270543997477 59 4161 0.014179283826003364 0.2260536398467433
12 8 4 59 0.2260536398467433 0.06272530641672674 0.22037225407677596 0.09820164530323322 0.06317725539351843 59 4161 0.014179283826003364 0.2260536398467433
1 8 512 1 0.0625 0.0038452295121365054 0.05429925069722119 0.007244736246321032 0.0038812938927264163 126 4161 0.03028118240807498 0.2850678733031674
2 8 512 125 0.29205607476635514 0.10285988944965152 0.28683243512960804 0.15213796496276885 0.10352388523158351 126 4161 0.03028118240807498 0.2850678733031674
12 8 512 126 0.2850678733031674 0.10622446527277096 0.2803938010893546 0.15477523796289863 0.10688841304315273 126 4161 0.03028118240807498 0.2850678733031674
1 8 8 0 0.0 0.0004806536890170632 0 0 0 68 4161 0.016342225426580148 0.35789473684210527
2 8 8 68 0.3617021276595745 0.04518144676760394 0.3382411035095569 0.08032875472836262 0.045576330286213856 68 4161 0.016342225426580148 0.35789473684210527
12 8 8 68 0.35789473684210527 0.045662100456621 0.3352009839329988 0.08099094807050976 0.046059955737375084 68 4161 0.016342225426580148 0.35789473684210527
1 8 64 3 0.05 0.014419610670511895 0.048807596588300674 0.02238388360380526 0.014521926671459382 77 4161 0.018505167027156932 0.2326283987915408
2 8 64 76 0.2753623188405797 0.06633020908435472 0.2670304755480199 0.10690804562551603 0.0668325227282363 77 4161 0.018505167027156932 0.2326283987915408
12 8 64 77 0.2326283987915408 0.07954818553232396 0.22827895932575515 0.1185557659120193 0.08006986536953367 77 4161 0.018505167027156932 0.2326283987915408
1 8 256 0 0.0 0.0019226147560682527 0 0 0 177 4161 0.04253785147801009 0.3377862595419847
2 8 256 177 0.34235976789168276 0.12424897861091083 0.33651102876830796 0.1823277073001616 0.12503768247378153 177 4161 0.04253785147801009 0.3377862595419847
12 8 256 177 0.3377862595419847 0.12593126652247055 0.33225210227516777 0.18346449761787725 0.1267181568338931 177 4161 0.04253785147801009 0.3377862595419847
1 8 32 1 0.1111111111111111 0.0021629416005767843 0.0741375091754343 0.004243281471004243 0.0021841458403915603 124 4161 0.029800528719057917 0.28703703703703703
2 8 32 123 0.28941176470588237 0.10213890891612593 0.2842515813379377 0.15099042788564296 0.10279750608074134 124 4161 0.029800528719057917 0.28703703703703703
12 8 32 124 0.28703703703703703 0.10382119682768565 0.2821079003401959 0.15248765990879434 0.10448149957406891 124 4161 0.029800528719057917 0.28703703703703703
1 8 2 0 0.0 0.0038452295121365054 0 0 0 91 4161 0.021869742850276375 0.32971014492753625
2 8 2 92 0.3524904214559387 0.06272530641672674 0.3370731983935314 0.10649919167592525 0.06324002451047309 91 4161 0.021869742850276375 0.32971014492753625
12 8 2 91 0.32971014492753625 0.06633020908435472 0.31723816573541774 0.11044199223001272 0.0668590060070726 91 4161 0.021869742850276375 0.32971014492753625
1 8 128 2 0.058823529411764705 0.008171112713290074 0.05542195897419345 0.014349018780333404 0.0082413758345773 113 4161 0.02715693342946407 0.2935064935064935
2 8 128 111 0.3126760563380282 0.08531602980052871 0.3046380878191534 0.13405432253323718 0.08593471073264869 113 4161 0.02715693342946407 0.2935064935064935
12 8 128 113 0.2935064935064935 0.09252583513578466 0.28732709144164476 0.1406977157844694 0.09315742134021236 113 4161 0.02715693342946407 0.2935064935064935
1 8 1024 0 0.0 0.004806536890170632 0 0 0 90 4161 0.021629416005767843 0.28213166144200624
2 8 1024 90 0.3 0.07209805335255948 0.29089582473286546 0.11625653943034296 0.07264444977223687 90 4161 0.021629416005767843 0.28213166144200624
12 8 1024 90 0.28213166144200624 0.07666426339822158 0.2748386583119996 0.1205666759754835 0.07722107149839119 90 4161 0.021629416005767843 0.28213166144200624
1 8 16 20 0.05405405405405406 0.08892093246815669 0.05426472531477752 0.0672360530619662 0.08835664211658725 71 4161 0.017063205960105743 0.1411530815109344
2 8 16 55 0.3525641025641026 0.03749098774333093 0.3254815574347736 0.067774920909511 0.03782567452687134 71 4161 0.017063205960105743 0.1411530815109344
12 8 16 71 0.1411530815109344 0.12088440278779139 0.1409191418879526 0.13023484793231713 0.12105651110351355 71 4161 0.017063205960105743 0.1411530815109344
1 3 4 1 0.038461538461538464 0.006248497957221821 0.03659369295299676 0.010750465164358073 0.006300746684070099 135 4161 0.032444124008651765 0.3176470588235294
2 3 4 134 0.3325062034739454 0.09685171833693823 0.32468437311627235 0.15000909743702281 0.09753613428829846 135 4161 0.032444124008651765 0.3176470588235294
12 3 4 135 0.3176470588235294 0.10213890891612593 0.31114700818583957 0.1545745999245649 0.10282965089068459 135 4161 0.032444124008651765 0.3176470588235294
1 3 512 2 0.06060606060606061 0.007930785868781542 0.0568664585146133 0.014026139623844436 0.00799962558008086 192 4161 0.046142754145638065 0.37573385518590996
2 3 512 192 0.39344262295081966 0.11727950012016342 0.38447877311269607 0.180696124413725 0.11810025550689646 192 4161 0.046142754145638065 0.37573385518590996
12 3 512 192 0.37573385518590996 0.12280701754385964 0.36822517116784753 0.1851112182356587 0.12363100502105236 192 4161 0.046142754145638065 0.37573385518590996
1 3 8 7 0.038461538461538464 0.04373948570055275 0.03850754460460741 0.04093106938041156 0.04368013839251768 121 4161 0.029079548185532322 0.23404255319148937
2 3 8 117 0.319672131147541 0.08795962509012256 0.3115463084759542 0.1379590298215347 0.08859544587720476 121 4161 0.029079548185532322 0.23404255319148937
12 3 8 121 0.23404255319148937 0.12424897861091083 0.2320126543470437 0.16232339089481945 0.1248287749008508 121 4161 0.029079548185532322 0.23404255319148937
1 3 64 2 0.02531645569620253 0.018985820716173996 0.025233151281897213 0.02169882579138914 0.01903294328402356 232 4161 0.05575582792597933 0.3421828908554572
2 3 64 233 0.3733974358974359 0.1499639509733237 0.3679692890838784 0.21398657285473646 0.15085771543234403 232 4161 0.05575582792597933 0.3421828908554572
12 3 64 232 0.3421828908554572 0.16294160057678442 0.33849618500562234 0.2207607386760755 0.1637910717022972 232 4161 0.05575582792597933 0.3421828908554572
1 3 256 4 0.056338028169014086 0.017063205960105743 0.05508272778947045 0.026193221120590266 0.017181799177089813 115 4161 0.027637587118481133 0.3002610966057441
2 3 256 114 0.3507692307692308 0.07810622446527277 0.3390504214334991 0.12776324660030794 0.07871201767315701 115 4161 0.027637587118481133 0.3002610966057441
12 3 256 115 0.3002610966057441 0.0920451814467676 0.29368344367669336 0.14089801088924575 0.0926815176297589 115 4161 0.027637587118481133 0.3002610966057441
1 3 32 3 0.022388059701492536 0.03220379716414323 0.022455827525616912 0.02641348270311114 0.032064606209170975 155 4161 0.037250660898822396 0.2772808586762075
2 3 32 155 0.34140969162995594 0.10910838740687334 0.3343613299521018 0.16536810677370042 0.10984841553261977 155 4161 0.037250660898822396 0.2772808586762075
12 3 32 155 0.2772808586762075 0.13434270608026916 0.2743903022146985 0.18099382099691258 0.1350319029380039 155 4161 0.037250660898822396 0.2772808586762075
1 3 2 0 0.0 0.007690459024273011 0 0 0 230 4161 0.055275174236962266 0.3554868624420402
2 3 2 231 0.3725806451612903 0.14900264359528959 0.3671264657964273 0.21287300524453567 0.14989321630821678 230 4161 0.055275174236962266 0.3554868624420402
12 3 2 230 0.3554868624420402 0.15549146839701994 0.35101673527888905 0.21635036517574743 0.15636244707472594 230 4161 0.055275174236962266 0.3554868624420402
1 3 128 1 0.014705882352941176 0.016342225426580148 0.01472047599349281 0.01548093340922026 0.016324241070155256 200 4161 0.04806536890170632 0.34071550255536626
2 3 128 201 0.3743016759776536 0.12905551550108146 0.36738924650040994 0.19193406417540207 0.1298981945301316 200 4161 0.04806536890170632 0.34071550255536626
12 3 128 200 0.34071550255536626 0.14107185772650804 0.3360074357237787 0.1995293893703862 0.1418950655989143 200 4161 0.04806536890170632 0.34071550255536626
1 3 1024 1 0.029411764705882353 0.008171112713290074 0.02867377526907758 0.012789166823396652 0.008229959545219242 123 4161 0.029560201874549386 0.3161953727506427
2 3 1024 122 0.3370165745856354 0.08699831771208844 0.32769249463085703 0.1382964398781248 0.08764205944272514 123 4161 0.029560201874549386 0.3161953727506427
12 3 1024 123 0.3161953727506427 0.09348714251381879 0.3089092920098009 0.14430785192513013 0.09414366633775309 123 4161 0.029560201874549386 0.3161953727506427
1 3 16 6 0.031088082901554404 0.0463830809901466 0.03118991451961217 0.037225749417343086 0.046158235948550994 173 4161 0.041576544099975965 0.24643874643874644
2 3 16 171 0.3114754098360656 0.13193943763518384 0.30733477267376885 0.18536091267725768 0.13269673522735817 173 4161 0.041576544099975965 0.24643874643874644
12 3 16 173 0.24643874643874644 0.16870944484498918 0.24531967868242588 0.20029736355787334 0.16923795357560678 173 4161 0.041576544099975965 0.24643874643874644
1 5 4 4 0.10526315789473684 0.0091324200913242 0.09532798489853704 0.01680672268907563 0.009215748893653909 148 4161 0.035568372987262675 0.3645320197044335
2 5 4 146 0.3893333333333333 0.09012256669069935 0.3769425861175517 0.14636474093440854 0.09081357781847876 148 4161 0.035568372987262675 0.3645320197044335
12 5 4 148 0.3645320197044335 0.09757269887046383 0.3549176030917526 0.15394074787616696 0.0982853497419723 148 4161 0.035568372987262675 0.3645320197044335
1 5 512 1 0.08333333333333333 0.002883922134102379 0.06529820591562954 0.005574912891986063 0.0029117536829359704 180 4161 0.043258832011535686 0.35785288270377735
2 5 512 179 0.3645621181262729 0.11800048065368901 0.35717289385604967 0.1782919160158231 0.11879596987705827 180 4161 0.043258832011535686 0.35785288270377735
12 5 512 180 0.35785288270377735 0.12088440278779139 0.3510396209118814 0.18072054683235045 0.1216821985716785 180 4161 0.043258832011535686 0.35785288270377735
1 5 8 3 0.04477611940298507 0.016101898582071617 0.04400032077471429 0.023686071176054677 0.01620464419786572 272 4161 0.06536890170632059 0.3460559796437659
2 5 8 271 0.3677069199457259 0.17712088440278778 0.3638307807130698 0.23907948288245148 0.17803451810773155 272 4161 0.06536890170632059 0.3460559796437659
12 5 8 272 0.3460559796437659 0.18889689978370583 0.3432286476827599 0.24439125096879952 0.1897501055300265 272 4161 0.06536890170632059 0.3460559796437659
1 5 64 2 0.04 0.01201634222542658 0.03909848948211921 0.018480872297172424 0.01210015574457889 223 4161 0.053592886325402544 0.35566188197767146
2 5 64 222 0.37948717948717947 0.14059120403749098 0.3732083219594289 0.2051712248423537 0.14147299143598344 223 4161 0.053592886325402544 0.35566188197767146
12 5 64 223 0.35566188197767146 0.1506849315068493 0.35093536776589673 0.21168450120814633 0.15154970311298588 223 4161 0.053592886325402544 0.35566188197767146
1 5 256 1 0.16666666666666666 0.0014419610670511895 0.0780827212988017 0.0028591851322373124 0.001456254685968049 226 4161 0.05431386685892814 0.3656957928802589
2 5 256 226 0.36867862969004894 0.14732035568372986 0.3632742452310892 0.21051927774464255 0.14820136117204785 226 4161 0.05431386685892814 0.3656957928802589
12 5 256 226 0.3656957928802589 0.14852198990627252 0.36047696680732116 0.2112484969485219 0.1494004417937778 226 4161 0.05431386685892814 0.3656957928802589
1 5 32 0 0.0 0.0021629416005767843 0 0 0 194 4161 0.04662340783465513 0.40165631469979296
2 5 32 194 0.4041666666666667 0.11535688536409516 0.39439039345191984 0.17948525202528057 0.11617885757061436 194 4161 0.04662340783465513 0.40165631469979296
12 5 32 194 0.40165631469979296 0.11607786589762076 0.3921051316669024 0.1801055815200625 0.11690080358894124 194 4161 0.04662340783465513 0.40165631469979296
1 5 2 0 0.0 0.0014419610670511895 0 0 0 211 4161 0.050708964191300165 0.3747779751332149
2 5 2 211 0.3774597495527728 0.13434270608026916 0.3708156219912482 0.19815834657760245 0.1352049216985835 211 4161 0.050708964191300165 0.3747779751332149
12 5 2 211 0.3747779751332149 0.13530401345830328 0.36832357678408 0.19882671933318827 0.1361654629750443 211 4161 0.050708964191300165 0.3747779751332149
1 5 128 3 0.0967741935483871 0.007450132179764479 0.08650525404529255 0.013835168104730735 0.007518845141247506 135 4161 0.032444124008651765 0.33251231527093594
2 5 128 132 0.3482849604221636 0.09108387406873347 0.33881236089646377 0.14440324840920601 0.0917547547441574 135 4161 0.032444124008651765 0.33251231527093594
12 5 128 135 0.33251231527093594 0.09757269887046383 0.324769797718848 0.15087307365694475 0.09826009060686493 135 4161 0.032444124008651765 0.33251231527093594
1 5 1024 0 0.0 0.00600817111271329 0 0 0 189 4161 0.04542177361211247 0.34363636363636363
2 5 1024 189 0.3559322033898305 0.12761355443403027 0.3497368707886051 0.18786959818043972 0.12842922840244217 189 4161 0.04542177361211247 0.34363636363636363
12 5 1024 189 0.34363636363636363 0.13217976447969237 0.33827828581696695 0.19092153850251026 0.13299001588439605 189 4161 0.04542177361211247 0.34363636363636363
1 5 16 1 0.038461538461538464 0.006248497957221821 0.03659369295299676 0.010750465164358073 0.006300746684070099 230 4161 0.055275174236962266 0.37398373983739835
2 5 16 230 0.3865546218487395 0.1429944724825763 0.3801438027389243 0.20876317164421018 0.14389213074212945 230 4161 0.055275174236962266 0.37398373983739835
12 5 16 230 0.37398373983739835 0.14780100937274693 0.36840183467927534 0.21186964287720322 0.14869138065215132 230 4161 0.055275174236962266 0.37398373983739835
1 7 4 0 0.0 0.0019226147560682527 0 0 0 117 4161 0.028118240807498196 0.32865168539325845
2 7 4 117 0.33238636363636365 0.08459504926700312 0.323018361780559 0.1348656795597479 0.0852240974582567 117 4161 0.028118240807498196 0.32865168539325845
12 7 4 117 0.32865168539325845 0.08555635664503725 0.31965899004721504 0.13576868604061781 0.08618755218658568 117 4161 0.028118240807498196 0.32865168539325845
1 7 512 2 0.06060606060606061 0.007930785868781542 0.0568664585146133 0.014026139623844436 0.00799962558008086 180 4161 0.043258832011535686 0.33519553072625696
2 7 512 178 0.34833659491193736 0.12280701754385964 0.34211599419322214 0.18159294614880128 0.12359933488970974 180 4161 0.043258832011535686 0.33519553072625696
12 7 512 180 0.33519553072625696 0.12905551550108146 0.329977002543105 0.18635965330857793 0.12984614272302472 180 4161 0.043258832011535686 0.33519553072625696
1 7 8 0 0.0 0.004325883201153569 0 0 0 198 4161 0.047584715212689255 0.34615384615384615
2 7 8 198 0.3542039355992844 0.13434270608026916 0.3485560510174957 0.19480111478854834 0.1351734463876852 198 4161 0.047584715212689255 0.34615384615384615
12 7 8 198 0.34615384615384615 0.13746695505888007 0.3410280005430758 0.19678522964010625 0.1382924283706565 198 4161 0.047584715212689255 0.34615384615384615
1 7 64 1 0.08333333333333333 0.002883922134102379 0.06529820591562954 0.005574912891986063 0.0029117536829359704 157 4161 0.03773131458783946 0.31910569105691056
2 7 64 156 0.3236514522821577 0.11583753905311223 0.3180029274523443 0.17061172626611 0.11657866971599685 157 4161 0.03773131458783946 0.31910569105691056
12 7 64 157 0.31910569105691056 0.11824080749819754 0.31382724723253647 0.17254654930356145 0.11898234070203453 157 4161 0.03773131458783946 0.31910569105691056
1 7 256 0 0.0 0.004325883201153569 0 0 0 165 4161 0.03965392934390771 0.3360488798370672
2 7 256 165 0.34518828451882844 0.1148762316750781 0.33846959194543097 0.17238421111874883 0.11564015170563152 165 4161 0.03965392934390771 0.3360488798370672
12 7 256 165 0.3360488798370672 0.11800048065368901 0.33001111327779586 0.17466792289300012 0.11876345847323723 165 4161 0.03965392934390771 0.3360488798370672
1 7 32 0 0.0 0.011776015380918048 0 0 0 168 4161 0.04037490987743331 0.3116883116883117
2 7 32 168 0.3373493975903614 0.11968276856524873 0.3313822322742045 0.17668301212605012 0.12045226303427585 168 4161 0.04037490987743331 0.3116883116883117
12 7 32 168 0.3116883116883117 0.12953616919009853 0.30740837294749096 0.1830130086936838 0.13029005166882845 168 4161 0.04037490987743331 0.3116883116883117
1 7 2 1 0.0625 0.0038452295121365054 0.05429925069722119 0.007244736246321032 0.0038812938927264163 185 4161 0.044460466234078344 0.37755102040816324
2 7 2 184 0.38493723849372385 0.1148762316750781 0.37618120486368606 0.1769465691856418 0.11567977261467649 185 4161 0.044460466234078344 0.37755102040816324
12 7 2 185 0.37755102040816324 0.11776015380918048 0.3694806068737077 0.17952539150497335 0.11856793570461002 185 4161 0.044460466234078344 0.37755102040816324
1 7 128 1 0.058823529411764705 0.004085556356645037 0.05193430325761471 0.007640449438202247 0.004123547932342113 162 4161 0.03893294881038212 0.313953488372093
2 7 128 161 0.32007952286282304 0.12088440278779139 0.3149412565740606 0.17549109899992416 0.12163387228653312 162 4161 0.03893294881038212 0.313953488372093
12 7 128 162 0.313953488372093 0.1240086517664023 0.3092633826284131 0.17779138990448115 0.12475596405237449 162 4161 0.03893294881038212 0.313953488372093
1 7 1024 0 0.0 0.0033645758231194423 0 0 0 180 4161 0.043258832011535686 0.34220532319391633
2 7 1024 180 0.3488372093023256 0.1240086517664023 0.342685805590442 0.18297223502712667 0.12480506691904196 180 4161 0.043258832011535686 0.34220532319391633
12 7 1024 180 0.34220532319391633 0.12641192021148762 0.3365176245698814 0.1846233044997543 0.12720613521500246 180 4161 0.043258832011535686 0.34220532319391633
1 7 16 0 0.0 0.0014419610670511895 0 0 0 166 4161 0.039894256188416244 0.36086956521739133
2 7 16 166 0.36403508771929827 0.1095890410958904 0.35585458906181183 0.16846378282379804 0.11035272590847159 166 4161 0.039894256188416244 0.36086956521739133
12 7 16 166 0.36086956521739133 0.11055034847392453 0.3529566935213045 0.16925146787303036 0.11131484523166899 166 4161 0.039894256188416244 0.36086956521739133
1 4 4 1 0.041666666666666664 0.005767844268204758 0.03924806916986448 0.01013299556681444 0.0058174696886789746 180 4161 0.043258832011535686 0.35363457760314343
2 4 4 179 0.36088709677419356 0.11920211487623167 0.35378504553246753 0.17921046390165868 0.1199977796784805 180 4161 0.043258832011535686 0.35363457760314343
12 4 4 180 0.35363457760314343 0.12232636385484258 0.34713554522850965 0.18177471403020254 0.1231237280223802 180 4161 0.043258832011535686 0.35363457760314343
1 4 512 3 0.1111111111111111 0.006488824801730353 0.09581532623590176 0.01226158038147139 0.006549887952961861 152 4161 0.0365296803652968 0.35933806146572106
2 4 512 151 0.3756218905472637 0.0966113914924297 0.3651800307956936 0.15369248590038168 0.0973271761758314 152 4161 0.0365296803652968 0.35933806146572106
12 4 512 152 0.35933806146572106 0.10165825522710886 0.3505406531107716 0.15848144135883488 0.10238518576468698 152 4161 0.0365296803652968 0.35933806146572106
1 4 8 6 0.05405405405405406 0.026676279740447006 0.053510316880736576 0.03572290610668597 0.026810728596077756 109 4161 0.026195626051429943 0.28835978835978837
2 4 8 106 0.3732394366197183 0.06825282384042297 0.3574260468202231 0.1154024557139626 0.06880952281807225 109 4161 0.026195626051429943 0.28835978835978837
12 4 8 109 0.28835978835978837 0.09084354722422494 0.2822830278411626 0.13816136934073064 0.09146383920588308 109 4161 0.026195626051429943 0.28835978835978837
1 4 64 6 0.05825242718446602 0.024753664984378754 0.05748223077248943 0.034743499648629654 0.024895411591135796 150 4161 0.03604902667627974 0.28846153846153844
2 4 64 148 0.3425925925925926 0.10382119682768565 0.3349652260570837 0.15935158738466598 0.10454259699750477 150 4161 0.03604902667627974 0.28846153846153844
12 4 64 150 0.28846153846153844 0.12496995914443643 0.2847728919919824 0.17438935777765358 0.1256751970953364 150 4161 0.03604902667627974 0.28846153846153844
1 4 256 1 0.09090909090909091 0.0026435952895938475 0.06832298136645963 0.005137786081270434 0.002669255035185634 150 4161 0.03604902667627974 0.3456221198156682
2 4 256 149 0.35224586288416077 0.10165825522710886 0.34385378748827367 0.157780898665445 0.10237937062743055 150 4161 0.03604902667627974 0.3456221198156682
12 4 256 150 0.3456221198156682 0.10430185051670271 0.3378820385667853 0.1602449704986794 0.10502791575582623 150 4161 0.03604902667627974 0.3456221198156682
1 4 32 11 0.09821428571428571 0.026916606584955538 0.09570433427602984 0.04225327960216068 0.02711147095504575 229 4161 0.055034847392453734 0.31326949384404923
2 4 32 227 0.35248447204968947 0.15477048786349434 0.34808187165743004 0.21509575268726233 0.15563482426521436 229 4161 0.055034847392453734 0.31326949384404923
12 4 32 229 0.31326949384404923 0.1756789233357366 0.31085897215665187 0.2251151469510432 0.17644621687873632 229 4161 0.055034847392453734 0.31326949384404923
1 4 2 0 0.0 0.002403268445085316 0 0 0 135 4161 0.032444124008651765 0.34615384615384615
2 4 2 135 0.3543307086614173 0.09156452775775054 0.3445411758385737 0.14552352821348544 0.09224180596197057 135 4161 0.032444124008651765 0.34615384615384615
12 4 2 135 0.34615384615384615 0.09372746935832732 0.337163286093762 0.14751308075395575 0.09440911415058162 135 4161 0.032444124008651765 0.34615384615384615
1 4 128 0 0.0 0.0016822879115597211 0 0 0 176 4161 0.04229752463350156 0.3378119001919386
2 4 128 176 0.34108527131782945 0.1240086517664023 0.3352744154383576 0.1818880984426072 0.1247950200065698 176 4161 0.04229752463350156 0.3378119001919386
12 4 128 176 0.3378119001919386 0.12521028598894496 0.3322266878018409 0.18270193479228952 0.12599538581306283 176 4161 0.04229752463350156 0.3378119001919386
1 4 1024 2 0.04 0.01201634222542658 0.03909848948211921 0.018480872297172424 0.01210015574457889 164 4161 0.03941360249939918 0.31001890359168244
2 4 1024 163 0.33401639344262296 0.11727950012016342 0.32801457972502196 0.1736035103073265 0.1180378418382978 164 4161 0.03941360249939918 0.31001890359168244
12 4 1024 164 0.31001890359168244 0.1271329007450132 0.30566531586830403 0.1803199808780508 0.1278798187531185 164 4161 0.03941360249939918 0.31001890359168244
1 4 16 7 0.07777777777777778 0.021629416005767843 0.0758288077966744 0.03384640180514143 0.021785127362366475 125 4161 0.03004085556356645 0.29411764705882354
2 4 16 121 0.3418079096045198 0.08507570295602018 0.3318916084986353 0.13624110802055353 0.08571312074459156 125 4161 0.03004085556356645 0.29411764705882354
12 4 16 125 0.29411764705882354 0.10213890891612593 0.28874418980095656 0.15162326079200855 0.1028032906632818 125 4161 0.03004085556356645 0.29411764705882354
1 6 4 4 0.0851063829787234 0.011295361691900985 0.07993466473579632 0.019943775526441415 0.011393194204519475 113 4161 0.02715693342946407 0.30376344086021506
2 6 4 112 0.3393939393939394 0.07930785868781542 0.3287204544686031 0.12857172674333658 0.07991419782026497 113 4161 0.02715693342946407 0.30376344086021506
12 6 4 113 0.30376344086021506 0.08940158615717375 0.29671932104016097 0.1381452141635323 0.09003063000294924 113 4161 0.02715693342946407 0.30376344086021506
1 6 512 1 0.03225806451612903 0.007450132179764479 0.03122849363162147 0.01210464662241312 0.0075072950959212195 161 4161 0.038692621965873586 0.3226452905811623
2 6 512 161 0.339662447257384 0.11391492429704397 0.3331261806310192 0.17061090077431512 0.11466949857874766 161 4161 0.038692621965873586 0.3226452905811623
12 6 512 161 0.3226452905811623 0.11992309540975726 0.3173340764952833 0.17485488431009377 0.12067379741447122 161 4161 0.038692621965873586 0.3226452905811623
1 6 8 1 0.022222222222222223 0.010814708002883922 0.021992538505088043 0.014548981571290007 0.010869955156950672 185 4161 0.044460466234078344 0.3178694158075601
2 6 8 184 0.3388581952117864 0.13049747656813265 0.33358470087989217 0.18842912549400123 0.1312968149562574 185 4161 0.044460466234078344 0.3178694158075601
12 6 8 185 0.3178694158075601 0.13987022350396539 0.3139140905806029 0.19426093969467095 0.14065003161520648 185 4161 0.044460466234078344 0.3178694158075601
1 6 64 0 0.0 0.004325883201153569 0 0 0 227 4161 0.05455419370343667 0.33431516936671574
2 6 64 227 0.34238310708898945 0.15933669790915644 0.3385325421695207 0.21746876706865606 0.16018460503658025 227 4161 0.05455419370343667 0.33431516936671574
12 6 64 227 0.33431516936671574 0.16318192742129295 0.33087950435641644 0.2193146213541948 0.16401318512595292 227 4161 0.05455419370343667 0.33431516936671574
1 6 256 4 0.05 0.019226147560682527 0.049219973075212746 0.02777295608401319 0.019344026813502512 195 4161 0.04686373467916366 0.31100478468899523
2 6 256 193 0.3421985815602837 0.13554434030281182 0.33710981004224955 0.19417590033259927 0.13635966513578424 195 4161 0.04686373467916366 0.31100478468899523
12 6 256 195 0.31100478468899523 0.1506849315068493 0.30776279059856376 0.20300965360590573 0.15145795188328834 195 4161 0.04686373467916366 0.31100478468899523
1 6 32 1 0.047619047619047616 0.005046863734679163 0.043948529868838196 0.009126466753585397 0.005091935727815508 134 4161 0.03220379716414323 0.30663615560640733
2 6 32 134 0.3198090692124105 0.10069694784907474 0.3130643733568353 0.1531668792241538 0.10138469157747611 134 4161 0.03220379716414323 0.30663615560640733
12 6 32 134 0.30663615560640733 0.1050228310502283 0.30091662590410717 0.1564586136000203 0.10571099936800661 134 4161 0.03220379716414323 0.30663615560640733
1 6 2 0 0 0.0 0 0 0 211 4161 0.050708964191300165 0.3734513274336283
2 6 2 211 0.3734513274336283 0.13578466714732035 0.36708969819366316 0.19915703026070922 0.13664567831216293 211 4161 0.050708964191300165 0.3734513274336283
12 6 2 211 0.3734513274336283 0.13578466714732035 0.36708969819366316 0.19915703026070922 0.13664567831216293 211 4161 0.050708964191300165 0.3734513274336283
1 6 128 1 0.04 0.00600817111271329 0.037878219648670136 0.010447137484329292 0.006059151718759374 160 4161 0.038452295121365054 0.32193158953722334
2 6 128 159 0.33194154488517746 0.11511655851958663 0.325864571940869 0.17094855449811455 0.1158659038353762 160 4161 0.038452295121365054 0.32193158953722334
12 6 128 160 0.32193158953722334 0.1194424417207402 0.3166171659966271 0.17423904624280623 0.12019093602923507 160 4161 0.038452295121365054 0.32193158953722334
1 6 1024 3 0.08333333333333333 0.008651766402307137 0.0767720276176601 0.015676028739386023 0.008729221284319091 198 4161 0.047584715212689255 0.33
2 6 1024 196 0.34265734265734266 0.13746695505888007 0.3376670500790303 0.1962161121514955 0.1382868467198184 198 4161 0.047584715212689255 0.33
12 6 1024 198 0.33 0.14419610670511895 0.32584292181285196 0.20069635553663467 0.1450044593330578 198 4161 0.047584715212689255 0.33
1 6 16 1 0.025 0.009613073780341264 0.024609986537606373 0.013886478042006595 0.009672013406751256 203 4161 0.04878634943523191 0.3157076205287714
2 6 16 203 0.3306188925081433 0.1475606825282384 0.3266072428951396 0.2040503274591771 0.14837407132152616 203 4161 0.04878634943523191 0.3157076205287714
12 6 16 203 0.3157076205287714 0.1545301610189858 0.3124806661397909 0.20749651069999014 0.15531523743696657 203 4161 0.04878634943523191 0.3157076205287714
1 1 4 2 0.024096385542168676 0.019947128094208122 0.02404686025397937 0.021826309907303925 0.019981193890040265 278 4161 0.06681086277337178 0.37567567567567567
2 1 4 279 0.41333333333333333 0.16222062004325882 0.40709403136786715 0.23299706039551044 0.16320230738490585 278 4161 0.06681086277337178 0.37567567567567567
12 1 4 278 0.37567567567567567 0.17784186493631338 0.3715830592324397 0.24140468141083038 0.17877398183154167 278 4161 0.06681086277337178 0.37567567567567567
1 1 512 0 0.0 0.0026435952895938475 0 0 0 252 4161 0.06056236481614996 0.4322469982847341
2 1 512 252 0.43902439024390244 0.13794760874789713 0.4297380305053169 0.20993172951885564 0.13889067090588544 252 4161 0.06056236481614996 0.4322469982847341
12 1 512 252 0.4322469982847341 0.14011055034847392 0.42350418432014725 0.21162423719499504 0.14105443545115587 252 4161 0.06056236481614996 0.4322469982847341
1 1 8 2 0.013071895424836602 0.03677000720980533 0.013155844786061088 0.01928713245721849 0.03612163967419697 288 4161 0.0692141312184571 0.3640960809102402
2 1 8 289 0.42814814814814817 0.16222062004325882 0.4213100135145859 0.2352917762765099 0.16322438700994812 288 4161 0.0692141312184571 0.3640960809102402
12 1 8 288 0.3640960809102402 0.1900985340062485 0.36082613200404956 0.24978276351128725 0.1910022756380055 288 4161 0.0692141312184571 0.3640960809102402
1 1 64 1 0.015151515151515152 0.015861571737563085 0.015158233676929058 0.015498414934836209 0.01585421542325475 287 4161 0.06897380437394857 0.4117647058823529
2 1 64 287 0.4435857805255023 0.15549146839701994 0.4355949922502806 0.2302668128292378 0.15649780657530327 287 4161 0.06897380437394857 0.4117647058823529
12 1 64 287 0.4117647058823529 0.16750781062244652 0.4059044815313004 0.23813939867239362 0.1684974332794561 287 4161 0.06897380437394857 0.4117647058823529
1 1 256 1 0.043478260869565216 0.0055275174236962266 0.04071081824713903 0.009808102345415778 0.0055757040436455445 271 4161 0.06512857486181206 0.3871428571428571
2 1 256 271 0.39504373177842567 0.16486421533285267 0.38965729323604426 0.23264029452637203 0.1658208348158131 271 4161 0.06512857486181206 0.3871428571428571
12 1 256 271 0.3871428571428571 0.1682287911559721 0.3822183418163128 0.23454051016579183 0.16917594308676756 271 4161 0.06512857486181206 0.3871428571428571
1 1 32 1 0.010416666666666666 0.023071377072819033 0.010473545547932998 0.01435299394483068 0.022797167282679234 289 4161 0.06945445806296563 0.3572311495673671
2 1 32 289 0.3958904109589041 0.17543859649122806 0.39102552938954255 0.24313296596979767 0.17641121721261938 289 4161 0.06945445806296563 0.3572311495673671
12 1 32 289 0.3572311495673671 0.19442441720740206 0.3542937456749283 0.2518037059574262 0.19530570263530891 289 4161 0.06945445806296563 0.3572311495673671
1 1 2 2 0.058823529411764705 0.008171112713290074 0.05542195897419345 0.014349018780333404 0.0082413758345773 273 4161 0.06560922855082912 0.37142857142857144
2 1 2 271 0.382228490832158 0.1703917327565489 0.37758075665856367 0.23570825706981238 0.17133187824838286 273 4161 0.06560922855082912 0.37142857142857144
12 1 2 273 0.37142857142857144 0.17664023071377072 0.36741703035072426 0.23941967977148013 0.1775622007258476 273 4161 0.06560922855082912 0.37142857142857144
1 1 128 1 0.012987012987012988 0.018505167027156932 0.013025469759371322 0.015262636273538155 0.0184276435979518 277 4161 0.06657053592886325 0.36933333333333335
2 1 128 278 0.40173410404624277 0.16630617639990386 0.396181175771756 0.23523283497042716 0.16727676126720145 277 4161 0.06657053592886325 0.36933333333333335
12 1 128 277 0.36933333333333335 0.1802451333813987 0.36553659758634266 0.24226035028922557 0.18116345571056325 277 4161 0.06657053592886325 0.36933333333333335
1 1 1024 0 0.0 0.004085556356645037 0 0 0 243 4161 0.058399423215573176 0.474609375
2 1 1024 243 0.4879518072289157 0.11968276856524873 0.4735254870470061 0.19221889451977442 0.12058383329237055 243 4161 0.058399423215573176 0.474609375
12 1 1024 243 0.474609375 0.12304734438836817 0.4615527863321487 0.19542798171946654 0.12395644803733767 243 4161 0.058399423215573176 0.474609375
1 1 16 1 0.015873015873015872 0.01514059120403749 0.015865416981456687 0.015498154981549815 0.015147511480256814 263 4161 0.06320596010574381 0.39969604863221886
2 1 16 265 0.4380165289256198 0.1453977409276616 0.42945906747789064 0.21832381237701626 0.14636586302265087 263 4161 0.06320596010574381 0.39969604863221886
12 1 16 263 0.39969604863221886 0.15813506368661379 0.39374096531792674 0.2266132480241366 0.1590870052065736 263 4161 0.06320596010574381 0.39969604863221886
1 2 4 2 0.018867924528301886 0.02547464551790435 0.01891649777988236 0.021679108293281523 0.025386632773559577 135 4161 0.032444124008651765 0.2542372881355932
2 2 4 138 0.31221719457013575 0.10622446527277096 0.3063354890436485 0.15851722103687454 0.10692293011853204 135 4161 0.032444124008651765 0.2542372881355932
12 2 4 135 0.2542372881355932 0.12761355443403027 0.25176391060036335 0.16993087557603687 0.12824596366328492 135 4161 0.032444124008651765 0.2542372881355932
1 2 512 2 0.02631578947368421 0.0182648401826484 0.02620143978208703 0.0215633423180593 0.018320333756575366 165 4161 0.03965392934390771 0.3254437869822485
2 2 512 164 0.37020316027088035 0.1064647921172795 0.3613405304810525 0.16537131267974955 0.1072210885135536 165 4161 0.03965392934390771 0.3254437869822485
12 2 512 165 0.3254437869822485 0.12184571016582552 0.3201472521514057 0.17730767029738856 0.1226051353123607 165 4161 0.03965392934390771 0.3254437869822485
1 2 8 1 0.03225806451612903 0.007450132179764479 0.03122849363162147 0.01210464662241312 0.0075072950959212195 239 4161 0.05743811583753905 0.3583208395802099
2 2 8 238 0.3707165109034268 0.15428983417447728 0.3656383801270689 0.21789370558766527 0.15518685477984365 239 4161 0.05743811583753905 0.3583208395802099
12 2 8 239 0.3583208395802099 0.16029800528719057 0.3539911359707906 0.22150416015918095 0.1611799326175586 239 4161 0.05743811583753905 0.3583208395802099
1 2 64 5 0.029940119760479042 0.040134583032924775 0.030015606620623872 0.0342958064648622 0.039999734394364606 122 4161 0.029319875030040854 0.27415730337078653
2 2 64 119 0.4061433447098976 0.07041576544099976 0.3878352552555 0.12002244375292595 0.07099683118028761 122 4161 0.029319875030040854 0.27415730337078653
12 2 64 122 0.27415730337078653 0.10694544580629656 0.2699779253143577 0.15386860941492234 0.10759518447242049 122 4161 0.029319875030040854 0.27415730337078653
1 2 256 2 0.01818181818181818 0.026435952895938475 0.01823819975343136 0.02154539222407208 0.026317659599668364 83 4161 0.019947128094208122 0.23782234957020057
2 2 256 83 0.332 0.0600817111271329 0.317761130054555 0.1017498522788289 0.060572910043122874 83 4161 0.019947128094208122 0.23782234957020057
12 2 256 83 0.23782234957020057 0.08387406873347752 0.23357755318106804 0.12401212422190065 0.0844150982190282 83 4161 0.019947128094208122 0.23782234957020057
1 2 32 0 0.0 0.011776015380918048 0 0 0 236 4161 0.056717135304013455 0.34859675036927623
2 2 32 237 0.3703125 0.15380918048546022 0.36522249225358117 0.21734442313382626 0.15470470677695497 236 4161 0.056717135304013455 0.34859675036927623
12 2 32 236 0.34859675036927623 0.1627012737322759 0.3446973800817586 0.221855484005346 0.1635648767774154 236 4161 0.056717135304013455 0.34859675036927623
1 2 2 2 0.029411764705882353 0.016342225426580148 0.02918070538449446 0.021010350687471032 0.016414443180405917 210 4161 0.050468637346791634 0.3111111111111111
2 2 2 209 0.3370967741935484 0.14900264359528959 0.33293555991812596 0.20665859149044413 0.14983039360361217 210 4161 0.050468637346791634 0.3111111111111111
12 2 2 210 0.3111111111111111 0.16222062004325882 0.30830938117175977 0.21324848525877532 0.16299294286409569 210 4161 0.050468637346791634 0.3111111111111111
1 2 128 4 0.03007518796992481 0.0319634703196347 0.030092789648420878 0.03099059214167128 0.03194361297172742 155 4161 0.037250660898822396 0.2813067150635209
2 2 128 154 0.3524027459954233 0.1050228310502283 0.34437143467722214 0.16182013386024624 0.10575788043164962 155 4161 0.037250660898822396 0.2813067150635209
12 2 128 155 0.2813067150635209 0.1324200913242009 0.2782096338806688 0.1800737120423043 0.1331176647034038 155 4161 0.037250660898822396 0.2813067150635209
1 2 1024 0 0.0 0.012977649603460706 0 0 0 135 4161 0.032444124008651765 0.3349875930521092
2 2 1024 135 0.3792134831460674 0.08555635664503725 0.3667500671497925 0.13961372374435524 0.08621740058070095 135 4161 0.032444124008651765 0.3349875930521092
12 2 1024 135 0.3349875930521092 0.09685171833693823 0.3270263860400467 0.15026016924810534 0.09753823267500662 135 4161 0.032444124008651765 0.3349875930521092
1 2 16 1 0.010869565217391304 0.022110069694784906 0.010924554499912411 0.014574257425742573 0.02188598185432585 224 4161 0.053833213169911076 0.2962962962962963
2 2 16 224 0.3279648609077599 0.16414323479932708 0.3247557573654876 0.2187861310940665 0.1649590630219593 224 4161 0.053833213169911076 0.2962962962962963
12 2 16 224 0.2962962962962963 0.18168709444844988 0.2944572347490079 0.2252513966480447 0.18238558801294155 224 4161 0.053833213169911076 0.2962962962962963
1 9 4 3 0.10344827586206896 0.006969478490747416 0.09097874367124648 0.013059141398979285 0.007034434063088154 183 4161 0.04397981254506128 0.34923664122137404
2 9 4 183 0.3630952380952381 0.12112472963229992 0.35605280620239305 0.18165220551089684 0.12192923390526289 183 4161 0.04397981254506128 0.34923664122137404
12 9 4 183 0.34923664122137404 0.12593126652247055 0.3432109705414386 0.18511272259055883 0.1267335904393454 183 4161 0.04397981254506128 0.34923664122137404
1 9 512 7 0.07291666666666667 0.023071377072819033 0.07138957871186997 0.035052030357562006 0.02322859384048001 176 4161 0.04229752463350156 0.31316725978647686
2 9 512 175 0.3556910569105691 0.11824080749819754 0.34875669627414946 0.17748204308422974 0.11902753758563356 176 4161 0.04229752463350156 0.31316725978647686
12 9 512 176 0.31316725978647686 0.13506368661379475 0.3091312191924333 0.1887309431586178 0.13582851829580112 176 4161 0.04229752463350156 0.31316725978647686
1 9 8 8 0.05063291139240506 0.03797164143234799 0.050466302563794425 0.04339765158277828 0.03806588656804712 128 4161 0.030761836097092043 0.2962962962962963
2 9 8 121 0.4143835616438356 0.07017543859649122 0.39519147594525333 0.12002479851208928 0.07075736609598358 128 4161 0.030761836097092043 0.2962962962962963
12 9 8 128 0.2962962962962963 0.10382119682768565 0.29095564846860184 0.15376401494927924 0.10449326800109209 128 4161 0.030761836097092043 0.2962962962962963
1 9 64 10 0.078125 0.030761836097092043 0.07695192290522081 0.04414249749974135 0.030947597826773886 152 4161 0.0365296803652968 0.316008316008316
2 9 64 146 0.3935309973045822 0.08916125931266522 0.3806649027255548 0.14538339414907395 0.0898493027578182 152 4161 0.0365296803652968 0.316008316008316
12 9 64 152 0.316008316008316 0.1155972122086037 0.31067545833212024 0.16927345910610037 0.11632765273302273 152 4161 0.0365296803652968 0.316008316008316
1 9 256 11 0.09482758620689655 0.027877913962989664 0.09262518767460295 0.04308845627838655 0.028074159208601315 194 4161 0.04662340783465513 0.32066115702479336
2 9 256 191 0.36730769230769234 0.12496995914443643 0.3603883505191047 0.18648999062104807 0.12579167476534725 194 4161 0.04662340783465513 0.32066115702479336
12 9 256 194 0.32066115702479336 0.1453977409276616 0.3168792913630447 0.20007517521706628 0.14618885261549208 194 4161 0.04662340783465513 0.32066115702479336
1 9 32 9 0.10588235294117647 0.020427781783225185 0.1016712963633086 0.03424810851949679 0.020592331012426295 119 4161 0.02859889449651526 0.3296398891966759
2 9 32 111 0.3881118881118881 0.06873347752944003 0.37104168954568034 0.11678472300139607 0.06929808742356852 119 4161 0.02859889449651526 0.3296398891966759
12 9 32 119 0.3296398891966759 0.0867579908675799 0.32074931070662577 0.137363304981774 0.08739555423563858 119 4161 0.02859889449651526 0.3296398891966759
1 9 2 1 0.02564102564102564 0.009372746935832732 0.025207825369094015 0.013727560718057022 0.009431996954176155 164 4161 0.03941360249939918 0.3504273504273504
2 9 2 163 0.37299771167048057 0.1050228310502283 0.3638067750003122 0.16389787531695374 0.10577523408751055 164 4161 0.03941360249939918 0.3504273504273504
12 9 2 164 0.3504273504273504 0.11247296322999278 0.3432375149237514 0.17028980683981415 0.1132342568351145 164 4161 0.03941360249939918 0.3504273504273504
1 9 128 5 0.10204081632653061 0.011776015380918048 0.09484295049922387 0.021115228820132722 0.011880065351161673 201 4161 0.04830569574621485 0.3520140105078809
2 9 128 198 0.37009345794392523 0.1285748618120644 0.36333602726963565 0.1908471556242979 0.12941102117624007 201 4161 0.04830569574621485 0.3520140105078809
12 9 128 201 0.3520140105078809 0.13722662821437154 0.3466420812799202 0.1974721309839453 0.13806068856676726 201 4161 0.04830569574621485 0.3520140105078809
1 9 1024 1 0.024390243902439025 0.009853400624849795 0.024039103453480475 0.0140362889421431 0.00991189163700599 188 4161 0.04518144676760394 0.352059925093633
2 9 1024 187 0.374749498997996 0.11992309540975726 0.36702769005639685 0.18170046382658883 0.12073596080005482 188 4161 0.04518144676760394 0.352059925093633
12 9 1024 188 0.352059925093633 0.12833453496755587 0.3460863432110487 0.18810144797193992 0.12914710722529954 188 4161 0.04518144676760394 0.352059925093633
1 9 16 4 0.10526315789473684 0.0091324200913242 0.09532798489853704 0.01680672268907563 0.009215748893653909 81 4161 0.01946647440519106 0.34177215189873417
2 9 16 77 0.385 0.04806536890170632 0.3600132117488277 0.0854613107212324 0.04848549082441544 81 4161 0.01946647440519106 0.34177215189873417
12 9 16 81 0.34177215189873417 0.05695746214852199 0.3256493472138874 0.0976424811169604 0.05743132556200899 81 4161 0.01946647440519106 0.34177215189873417
1 10 4 1 0.03333333333333333 0.007209805335255948 0.03217892758148278 0.011855364552459988 0.007266187050359712 141 4161 0.033886085075702954 0.33176470588235296
2 10 4 140 0.3482587064676617 0.0966113914924297 0.3395030980222112 0.15126104624911307 0.09730756186309397 141 4161 0.033886085075702954 0.33176470588235296
12 10 4 141 0.33176470588235296 0.10213890891612593 0.32454071356729974 0.15619176204116633 0.10284367779666265 141 4161 0.033886085075702954 0.33176470588235296
1 10 512 1 0.011235955056179775 0.02138908916125931 0.01128901201992814 0.014732660155603377 0.021199421726754097 105 4161 0.025234318673395817 0.22388059701492538
2 10 512 106 0.2683544303797468 0.09492910358086998 0.26358666146915216 0.14024662907329033 0.09554042490701806 105 4161 0.025234318673395817 0.22388059701492538
12 10 512 105 0.22388059701492538 0.11271329007450132 0.2217155035627193 0.14993925701741298 0.1132701612948222 105 4161 0.025234318673395817 0.22388059701492538
1 10 8 11 0.05612244897959184 0.04710406152367219 0.05601626394805127 0.0512193093945621 0.047179123634280534 42 4161 0.010093727469358327 0.12650602409638553
2 10 8 32 0.21476510067114093 0.03580869983177121 0.20463936713960088 0.06138278629958868 0.036106584783647123 42 4161 0.010093727469358327 0.12650602409638553
12 10 8 42 0.12650602409638553 0.07978851237683249 0.12577687096069523 0.09785743861101949 0.08008131727064012 42 4161 0.010093727469358327 0.12650602409638553
1 10 64 5 0.052083333333333336 0.023071377072819033 0.05144285100354943 0.03197761566903167 0.023199324692924777 122 4161 0.029319875030040854 0.24646464646464647
2 10 64 120 0.2891566265060241 0.09973564047104061 0.2838196076926636 0.14831470713057204 0.1003867438324812 122 4161 0.029319875030040854 0.24646464646464647
12 10 64 122 0.24646464646464647 0.11896178803172314 0.24387666411490186 0.16046937091701907 0.11957425348062041 122 4161 0.029319875030040854 0.24646464646464647
1 10 256 2 0.047619047619047616 0.010093727469358327 0.04592847630493391 0.01665675193337299 0.010173100997165346 108 4161 0.02595529920692141 0.23841059602649006
2 10 256 106 0.25542168674698795 0.09973564047104061 0.2515341466156947 0.1434555537257191 0.10034119017385848 108 4161 0.02595529920692141 0.23841059602649006
12 10 256 108 0.23841059602649006 0.10886806056236481 0.2356345320579288 0.14947822858949858 0.10945691597748883 108 4161 0.02595529920692141 0.23841059602649006
1 10 32 5 0.054945054945054944 0.021869742850276375 0.05413444378346222 0.03128652960187032 0.022000870364102317 55 4161 0.013217976447969237 0.22267206477732793
2 10 32 50 0.31446540880503143 0.03821196827685652 0.29345978838879444 0.06814353857824293 0.038547247634345395 55 4161 0.013217976447969237 0.22267206477732793
12 10 32 55 0.22267206477732793 0.0593607305936073 0.21676747362259674 0.09373361300471945 0.059794934384136605 55 4161 0.013217976447969237 0.22267206477732793
1 10 2 4 0.07407407407407407 0.012977649603460706 0.07077510024526025 0.022085889570552148 0.013084502277912524 86 4161 0.020668108627733717 0.23243243243243245
2 10 2 82 0.25308641975308643 0.07786589762076424 0.24757053408670074 0.11909148366795314 0.07840333677173784 86 4161 0.020668108627733717 0.23243243243243245
12 10 2 86 0.23243243243243245 0.08892093246815669 0.2287767106786336 0.12863166149903182 0.08946786743315284 86 4161 0.020668108627733717 0.23243243243243245
1 10 128 2 0.043478260869565216 0.011055034847392453 0.04225134365820609 0.017627898064763364 0.011137266934830447 56 4161 0.013458303292477769 0.21621621621621623
2 10 128 56 0.25806451612903225 0.052150925258351355 0.24835549612741292 0.08676746220167438 0.052566206179713124 56 4161 0.013458303292477769 0.21621621621621623
12 10 128 56 0.21621621621621623 0.06224465272770968 0.2110473301411473 0.09666207926103892 0.06268663601510073 56 4161 0.013458303292477769 0.21621621621621623
1 10 1024 5 0.10638297872340426 0.011295361691900985 0.09819821683457107 0.020422351612062222 0.011396215217776461 130 4161 0.031242489786109107 0.25390625
2 10 1024 126 0.26582278481012656 0.11391492429704397 0.2623588164972634 0.15948472686197696 0.11456312803784516 130 4161 0.031242489786109107 0.25390625
12 10 1024 130 0.25390625 0.12304734438836817 0.2512605899460033 0.16576305545939726 0.1236784507460784 130 4161 0.031242489786109107 0.25390625
1 10 16 12 0.06818181818181818 0.04229752463350156 0.06777119343028126 0.05220744549364711 0.042457111375079216 71 4161 0.017063205960105743 0.17530864197530865
2 10 16 62 0.2540983606557377 0.05863975006008171 0.2459804925701697 0.09528908597307868 0.05908978264763783 71 4161 0.017063205960105743 0.17530864197530865
12 10 16 71 0.17530864197530865 0.0973323720259553 0.17392903348325012 0.12516976598412033 0.09776291041290598 71 4161 0.017063205960105743 0.17530864197530865
