1 8 4 3413 0.9810290313308422 0.8360970920451815 0.9793482038197986 0.9027832573159089 0.8373218585447972 33 4161 0.007930785868781542 0.1021671826625387
21 8 4 0 0.0 0.0016822879115597211 0 0 0 33 4161 0.007930785868781542 0.1021671826625387
22 8 4 125 0.8741258741258742 0.03436673876472002 0.7038430424654729 0.06613340634214741 0.03469676492869931 33 4161 0.007930785868781542 0.1021671826625387
12 8 4 33 0.1021671826625387 0.0776255707762557 0.10184837334876791 0.08822141846202232 0.07781062935411176 33 4161 0.007930785868781542 0.1021671826625387
1 8 512 163 0.9588235294117647 0.04085556356645037 0.7843383984779063 0.07837170133905023 0.041246544009715086 107 4161 0.02571497236241288 0.3396825396825397
21 8 512 3158 0.9810500155327742 0.7736121124729632 0.9784523504317355 0.8650693063291115 0.7752350769183948 107 4161 0.02571497236241288 0.3396825396825397
22 8 512 47 0.734375 0.015380918048546022 0.5020234084145367 0.03013077034803644 0.015531474281516968 107 4161 0.02571497236241288 0.3396825396825397
12 8 512 107 0.3396825396825397 0.07570295602018745 0.32834631930412517 0.12381256749906328 0.07628996283777538 107 4161 0.02571497236241288 0.3396825396825397
1 8 8 70 0.958904109589041 0.017543859649122806 0.6262178919397696 0.034457297563376815 0.01771605696200946 67 4161 0.016101898582071617 0.3333333333333333
21 8 8 2865 0.9788179022890331 0.703436673876472 0.9750386162023411 0.818587649303803 0.7054016057577324 67 4161 0.016101898582071617 0.3333333333333333
22 8 8 39 0.6964285714285714 0.013458303292477769 0.46352959470789845 0.026406311398603513 0.01359026004255058 67 4161 0.016101898582071617 0.3333333333333333
12 8 8 67 0.3333333333333333 0.04830569574621485 0.31493461162563413 0.08438287153652393 0.048718151777165035 67 4161 0.016101898582071617 0.3333333333333333
1 8 64 261 0.9702602230483272 0.064647921172795 0.8520795359740624 0.12121907971636299 0.06525092404185008 55 4161 0.013217976447969237 0.35714285714285715
21 8 64 2530 0.9813809154383243 0.6195626051429944 0.975739115451644 0.7595857177844778 0.6218324959868662 55 4161 0.013217976447969237 0.35714285714285715
22 8 64 130 0.8843537414965986 0.035328046142754144 0.7143713705155393 0.0679419560243823 0.035667078366952626 55 4161 0.013217976447969237 0.35714285714285715
12 8 64 55 0.35714285714285715 0.037010334054313865 0.32896935344007106 0.06707024955359087 0.037341740546686535 55 4161 0.013217976447969237 0.35714285714285715
1 8 256 0 0 0.0 0 0 0 42 4161 0.010093727469358327 0.3442622950819672
21 8 256 2313 0.9763613338961588 0.5693342946407114 0.9694988421222599 0.7192567295728417 0.5716939845618393 42 4161 0.010093727469358327 0.3442622950819672
22 8 256 196 0.92018779342723 0.05118961788031723 0.7877781713665651 0.09698405784476 0.0516727687388124 42 4161 0.010093727469358327 0.3442622950819672
12 8 256 42 0.3442622950819672 0.029319875030040854 0.31116872559618364 0.054037522541999304 0.029587874599424486 42 4161 0.010093727469358327 0.3442622950819672
1 8 32 1542 0.9765674477517416 0.3794760874789714 0.9615870411569997 0.5465665144284704 0.3817872933911336 88 4161 0.02114876231675078 0.30344827586206896
21 8 32 2026 0.961100569259962 0.5066089882239846 0.9526388257706518 0.6634857482415905 0.5089921124794767 88 4161 0.02114876231675078 0.30344827586206896
22 8 32 0 0.0 0.004085556356645037 0 0 0 88 4161 0.02114876231675078 0.30344827586206896
12 8 32 88 0.30344827586206896 0.06969478490747416 0.29369538048952576 0.1133547131930317 0.07023043031642276 88 4161 0.02114876231675078 0.30344827586206896
1 8 2 67 0.9852941176470589 0.016342225426580148 0.6208365770041837 0.032151186792326335 0.01650291048513441 45 4161 0.010814708002883922 0.2830188679245283
21 8 2 2717 0.9801587301587301 0.6661860129776496 0.9756062339346933 0.7932336641543731 0.6683055900791111 45 4161 0.010814708002883922 0.2830188679245283
22 8 2 107 0.8629032258064516 0.029800528719057917 0.6758370750448729 0.05761143544440657 0.030088143008243102 45 4161 0.010814708002883922 0.2830188679245283
12 8 2 45 0.2830188679245283 0.03821196827685652 0.26613745214696477 0.06733293808757516 0.038542050171145995 45 4161 0.010814708002883922 0.2830188679245283
1 8 128 59 0.9833333333333333 0.014419610670511895 0.5904881758681683 0.028422434453771392 0.014561671452135133 96 4161 0.023071377072819033 0.2953846153846154
21 8 128 3447 0.981492027334852 0.8440278779139629 0.9799118773706268 0.907584333251078 0.8451999133512185 96 4161 0.023071377072819033 0.2953846153846154
22 8 128 0 0.0 0.004085556356645037 0 0 0 96 4161 0.023071377072819033 0.2953846153846154
12 8 128 96 0.2953846153846154 0.07810622446527277 0.28746694476788637 0.12354454038065182 0.07867924139648663 96 4161 0.023071377072819033 0.2953846153846154
1 8 1024 97 0.9797979797979798 0.023792357606344627 0.7009402934270519 0.046456612919611624 0.024024447344675147 41 4161 0.009853400624849795 0.3416666666666667
21 8 1024 2338 0.9790619765494137 0.5739005046863734 0.9722659473681167 0.7236287666316591 0.5762616149769497 41 4161 0.009853400624849795 0.3416666666666667
22 8 1024 168 0.9081081081081082 0.044460466234078344 0.761626456855531 0.084770610672969 0.044883096382884936 41 4161 0.009853400624849795 0.3416666666666667
12 8 1024 41 0.3416666666666667 0.02883922134102379 0.30853079068000083 0.05318890168161253 0.029103048405517 41 4161 0.009853400624849795 0.3416666666666667
1 8 16 386 0.9625935162094763 0.09637106464792117 0.8839290146704959 0.17520163309935158 0.09723742502125682 93 4161 0.022350396539293438 0.31208053691275167
21 8 16 3157 0.9816542288557214 0.7728911319394376 0.9790359693999289 0.8648529300713964 0.7745219576502361 93 4161 0.022350396539293438 0.31208053691275167
22 8 16 109 0.8515625 0.030761836097092043 0.6736072437712393 0.05937867738592523 0.031058234984048496 93 4161 0.022350396539293438 0.31208053691275167
12 8 16 93 0.31208053691275167 0.07161739966354241 0.30203963949654344 0.1164999569125872 0.07216795994771735 93 4161 0.022350396539293438 0.31208053691275167
1 3 4 1979 0.9792182088075211 0.48570055275174234 0.9694650592414825 0.6493286013705591 0.488136360450659 63 4161 0.01514059120403749 0.2703862660944206
21 3 4 1179 0.9320158102766798 0.30401345830329246 0.9133357807399952 0.458476764067381 0.3060552737464815 63 4161 0.01514059120403749 0.2703862660944206
22 3 4 119 0.875 0.032684450853160296 0.6971223908299318 0.06301505874565613 0.03299896903961441 63 4161 0.01514059120403749 0.2703862660944206
12 3 4 63 0.2703862660944206 0.05599615477048786 0.26051094676318565 0.09277822723365525 0.056439232423180406 63 4161 0.01514059120403749 0.2703862660944206
1 3 512 759 0.981888745148771 0.18577265080509492 0.941922934774991 0.3124331687491746 0.18727605235677458 133 4161 0.0319634703196347 0.40425531914893614
21 3 512 2829 0.9721649484536082 0.6993511175198269 0.9684245700858468 0.8134945956606091 0.701299654609633 133 4161 0.0319634703196347 0.40425531914893614
22 3 512 0 0.0 0.004085556356645037 0 0 0 133 4161 0.0319634703196347 0.40425531914893614
12 3 512 133 0.40425531914893614 0.07906753184330689 0.38843787741662 0.132265504327035 0.07970231890648112 133 4161 0.0319634703196347 0.40425531914893614
1 3 8 988 0.9821073558648111 0.24176880557558278 0.953207467738492 0.3880178891546999 0.2435868473626379 82 4161 0.01970680124969959 0.37962962962962965
21 3 8 2385 0.9762586983217356 0.5871184811343427 0.9698939207774565 0.7332581435687392 0.5894447662539289 82 4161 0.01970680124969959 0.37962962962962965
22 3 8 61 0.782051282051282 0.018745493871665464 0.5573489859328409 0.03661337796502568 0.01892841173673548 82 4161 0.01970680124969959 0.37962962962962965
12 3 8 82 0.37962962962962965 0.05191059841384282 0.35729633406713507 0.09133239484553625 0.052358109859449754 82 4161 0.01970680124969959 0.37962962962962965
1 3 64 994 0.9764243614931237 0.24465272770968516 0.9483397708089552 0.39126912715631823 0.24648167091679812 73 4161 0.017543859649122806 0.2896825396825397
21 3 64 2499 0.9719953325554259 0.6178803172314348 0.966510979564672 0.7555015821612641 0.6201171449087687 73 4161 0.017543859649122806 0.2896825396825397
22 3 64 0 0.0 0.004085556356645037 0 0 0 73 4161 0.017543859649122806 0.2896825396825397
12 3 64 73 0.2896825396825397 0.06056236481614996 0.2792235165016494 0.10018052753249086 0.0610403746480972 73 4161 0.017543859649122806 0.2896825396825397
1 3 256 339 0.9797687861271677 0.08315308819995193 0.8852589701572516 0.15329593313707487 0.08391340168260102 141 4161 0.033886085075702954 0.4577922077922078
21 3 256 3181 0.9817901234567902 0.7786589762076424 0.9792607892449536 0.8685053064327279 0.7802573352741005 141 4161 0.033886085075702954 0.4577922077922078
22 3 256 0 0.0 0.004085556356645037 0 0 0 141 4161 0.033886085075702954 0.4577922077922078
12 3 256 141 0.4577922077922078 0.07402066810862773 0.4354396923052791 0.12743612127970183 0.07464018866751965 141 4161 0.033886085075702954 0.4577922077922078
1 3 32 1463 0.9831989247311828 0.357606344628695 0.9664591919551211 0.5244582215638821 0.35987348636290617 92 4161 0.022110069694784906 0.2996742671009772
21 3 32 2015 0.9536204448651207 0.5078106224465273 0.9454028751598715 0.6627183484959045 0.5101720212736963 92 4161 0.022110069694784906 0.2996742671009772
22 3 32 19 0.5277777777777778 0.008651766402307137 0.3310856469167397 0.01702445398543961 0.008736851849884585 92 4161 0.022110069694784906 0.2996742671009772
12 3 32 92 0.2996742671009772 0.0737803412641192 0.2908572356121387 0.11840833771781804 0.07433513025476261 92 4161 0.022110069694784906 0.2996742671009772
1 3 2 2774 0.9723098492814581 0.6856524873828407 0.9683016588588381 0.8042000133826347 0.6876597798961477 75 4161 0.01802451333813987 0.21994134897360704
21 3 2 919 0.9135188866799204 0.24176880557558278 0.8890610701520731 0.38234696272432045 0.24354194379534175 75 4161 0.01802451333813987 0.21994134897360704
22 3 2 0 0.0 0.004085556356645037 0 0 0 75 4161 0.01802451333813987 0.21994134897360704
12 3 2 75 0.21994134897360704 0.08195145397740927 0.21633476896276646 0.1194100234384484 0.0824637038549082 75 4161 0.01802451333813987 0.21994134897360704
1 3 128 276 0.9583333333333334 0.0692141312184571 0.8501988173891827 0.1291039321736588 0.06985582025332632 113 4161 0.02715693342946407 0.3754152823920266
21 3 128 3258 0.9828054298642533 0.7966834895457823 0.9805373699095262 0.8800109411958389 0.7981801026643369 113 4161 0.02715693342946407 0.3754152823920266
22 3 128 0 0.0 0.004085556356645037 0 0 0 113 4161 0.02715693342946407 0.3754152823920266
12 3 128 113 0.3754152823920266 0.07233838019706801 0.36046247476336774 0.12130300966130164 0.07292125279567027 113 4161 0.02715693342946407 0.3754152823920266
1 3 1024 1021 0.9686907020872866 0.2533044941119923 0.9423404881608225 0.4015952092224036 0.2551702901457108 100 4161 0.02403268445085316 0.3257328990228013
21 3 1024 2540 0.9687261632341724 0.6301369863013698 0.9635997524214844 0.7635802791864902 0.6323252072110807 100 4161 0.02403268445085316 0.3257328990228013
22 3 1024 0 0.0 0.004085556356645037 0 0 0 100 4161 0.02403268445085316 0.3257328990228013
12 3 1024 100 0.3257328990228013 0.0737803412641192 0.315079768316228 0.12030982719668305 0.0743497383204287 100 4161 0.02403268445085316 0.3257328990228013
1 3 16 1497 0.9752442996742671 0.368901706320596 0.9596276173037195 0.5353128077228341 0.37118665069299195 46 4161 0.011055034847392453 0.2911392405063291
21 3 16 1558 0.9713216957605985 0.38548425859168467 0.9569229040648763 0.5519274477580526 0.3878000557960065 46 4161 0.011055034847392453 0.2911392405063291
22 3 16 101 0.8559322033898306 0.028358567652006728 0.6640612889006824 0.05489825765514699 0.02863266681293997 46 4161 0.011055034847392453 0.2911392405063291
12 3 16 46 0.2911392405063291 0.03797164143234799 0.27311048490850903 0.0671812173591533 0.03830140349639593 46 4161 0.011055034847392453 0.2911392405063291
1 5 4 2803 0.9807557732680195 0.6868541216053833 0.9766182449642522 0.8079061502673002 0.6888980927574764 26 4161 0.006248497957221821 0.125
21 5 4 390 0.8924485125858124 0.1050228310502283 0.830776425709072 0.18793014948513004 0.10594837991259787 26 4161 0.006248497957221821 0.125
22 5 4 58 0.7733333333333333 0.01802451333813987 0.5465653527203242 0.035227949125982434 0.018200516375182923 26 4161 0.006248497957221821 0.125
12 5 4 26 0.125 0.04998798365777457 0.12317000955669818 0.07141630901287553 0.05028676477628517 26 4161 0.006248497957221821 0.125
1 5 512 0 0 0.0 0 0 0 25 4161 0.00600817111271329 0.29411764705882354
21 5 512 2627 0.9864814119414195 0.6399903869262197 0.981221671694176 0.7763290097786569 0.6422237951053723 25 4161 0.00600817111271329 0.29411764705882354
22 5 512 185 0.9158415841584159 0.04854602259072338 0.7781909349849542 0.09220455742676004 0.049005506463678246 25 4161 0.00600817111271329 0.29411764705882354
12 5 512 25 0.29411764705882354 0.020427781783225185 0.25967151628807356 0.03820224719101123 0.02061773966171056 25 4161 0.00600817111271329 0.29411764705882354
1 5 8 800 0.9696969696969697 0.19826964671953856 0.9337272188628025 0.32922426532482835 0.19984373155554555 104 4161 0.024993991828887285 0.32601880877742945
21 5 8 2568 0.9705215419501134 0.6359048305695746 0.9654913735271021 0.7683630538633297 0.6380830331593146 104 4161 0.024993991828887285 0.32601880877742945
22 5 8 52 0.7536231884057971 0.01658255227108868 0.5233251308356149 0.03245105886502692 0.016744693329777276 104 4161 0.024993991828887285 0.32601880877742945
12 5 8 104 0.32601880877742945 0.07666426339822158 0.31584741937952904 0.12413728590003835 0.07724925218716337 104 4161 0.024993991828887285 0.32601880877742945
1 5 64 114 0.95 0.02883922134102379 0.7217473884140551 0.05597908150112326 0.029118773946360147 91 4161 0.021869742850276375 0.3699186991869919
21 5 64 3164 0.983219390926041 0.7733717856284547 0.9805850039711923 0.8657610788145773 0.7750095040611489 91 4161 0.021869742850276375 0.3699186991869919
22 5 64 0 0.0 0.004085556356645037 0 0 0 91 4161 0.021869742850276375 0.3699186991869919
12 5 64 91 0.3699186991869919 0.05912040374909877 0.35161706751416083 0.10194755070394633 0.05961632897406333 91 4161 0.021869742850276375 0.3699186991869919
1 5 256 72 0.972972972972973 0.017784186493631338 0.6351901339955994 0.03492991726434762 0.017958745824583587 42 4161 0.010093727469358327 0.35
21 5 256 2597 0.9803699509248773 0.6366258111031002 0.9751567541268451 0.7719609783094259 0.638843591192875 42 4161 0.010093727469358327 0.35
22 5 256 155 0.9011627906976745 0.04133621725546743 0.7472647019236239 0.07904657847804203 0.04173043773178196 42 4161 0.010093727469358327 0.35
12 5 256 42 0.35 0.02883922134102379 0.31524150308218796 0.053287658197735274 0.02910363280847998 42 4161 0.010093727469358327 0.35
1 5 32 1814 0.9784250269687162 0.44556596971881757 0.9669753204664681 0.6122972644526311 0.4479815616191162 78 4161 0.018745493871665464 0.23564954682779457
21 5 32 1828 0.9379168804515136 0.46839701994712807 0.9286997906667563 0.6247786808294569 0.47073015706783355 78 4161 0.018745493871665464 0.23564954682779457
22 5 32 0 0.0 0.004085556356645037 0 0 0 78 4161 0.018745493871665464 0.23564954682779457
12 5 32 78 0.23564954682779457 0.07954818553232396 0.2311583242750556 0.11894434475339712 0.08007336384202833 78 4161 0.018745493871665464 0.23564954682779457
1 5 2 848 0.9769585253456221 0.20860370103340542 0.9425838630933822 0.34379834243821505 0.21024082426784432 145 4161 0.03484739245373708 0.3310502283105023
21 5 2 2979 0.9684655396618985 0.7392453737082432 0.9655014198764089 0.838471739198564 0.7409817938471167 145 4161 0.03484739245373708 0.3310502283105023
22 5 2 31 0.6078431372549019 0.012256669069935111 0.4103949975712622 0.024028816341418926 0.012376740090318323 145 4161 0.03484739245373708 0.3310502283105023
12 5 2 145 0.3310502283105023 0.10526315789473684 0.32416579049305516 0.15973561002478656 0.1059788114742235 145 4161 0.03484739245373708 0.3310502283105023
1 5 128 57 0.9661016949152542 0.014179283826003364 0.5803457166435723 0.027948374872225314 0.014318975096560325 49 4161 0.011776015380918048 0.3769230769230769
21 5 128 2631 0.9817164179104477 0.6440759432828647 0.9766472836206012 0.7778360176792145 0.6462766671370483 49 4161 0.011776015380918048 0.3769230769230769
22 5 128 34 0.6666666666666666 0.012256669069935111 0.4361188722377444 0.02407079646017699 0.012376960256045212 49 4161 0.011776015380918048 0.3769230769230769
12 5 128 49 0.3769230769230769 0.031242489786109107 0.33970839896107957 0.05770215001653162 0.0315287810328436 49 4161 0.011776015380918048 0.3769230769230769
1 5 1024 55 0.9821428571428571 0.013458303292477769 0.5734669235236102 0.026552754201671615 0.013591023947429632 39 4161 0.009372746935832732 0.4148936170212766
21 5 1024 1929 0.9801829268292683 0.47296322999279017 0.9698845823767597 0.6380507299703443 0.47539894130450144 39 4161 0.009372746935832732 0.4148936170212766
22 5 1024 346 0.953168044077135 0.08723864455659697 0.867875757203827 0.1598472772395361 0.08803046117860838 39 4161 0.009372746935832732 0.4148936170212766
12 5 1024 39 0.4148936170212766 0.02259072338380197 0.3540237446205536 0.04284837682260468 0.022804213851848054 39 4161 0.009372746935832732 0.4148936170212766
1 5 16 3184 0.9781874039938556 0.7822638788752704 0.9757677214980947 0.8693233154036113 0.7838182636185501 51 4161 0.012256669069935111 0.1650485436893204
21 5 16 236 0.7662337662337663 0.07402066810862773 0.7013001800848956 0.13499990713741802 0.07468872305972388 51 4161 0.012256669069935111 0.1650485436893204
22 5 16 132 0.8859060402684564 0.03580869983177121 0.7173042646799684 0.06883505730130035 0.03615217396724551 51 4161 0.012256669069935111 0.1650485436893204
12 5 16 51 0.1650485436893204 0.07426099495313626 0.16307461924112868 0.10243360243360243 0.07466764956350175 51 4161 0.012256669069935111 0.1650485436893204
1 7 4 873 0.9797979797979798 0.21413121845710165 0.9462963751923271 0.3514535628453965 0.21580090575729108 149 4161 0.03580869983177121 0.3225108225108225
21 7 4 2967 0.9648780487804878 0.7390050468637347 0.9619669583218626 0.8369702704130834 0.7407218705309481 149 4161 0.03580869983177121 0.3225108225108225
22 7 4 0 0.0 0.004085556356645037 0 0 0 149 4161 0.03580869983177121 0.3225108225108225
12 7 4 149 0.3225108225108225 0.1110310021629416 0.3165413797761458 0.16519144310340483 0.11175656715329678 149 4161 0.03580869983177121 0.3225108225108225
1 7 512 0 0 0.0 0 0 0 52 4161 0.012496995914443643 0.348993288590604
21 7 512 2921 0.9838329403839676 0.7135304013458303 0.9801566335369806 0.827159036077699 0.7154766703635823 52 4161 0.012496995914443643 0.348993288590604
22 7 512 65 0.7926829268292683 0.01970680124969959 0.5709513026785382 0.03845751454783559 0.019898922213485534 52 4161 0.012496995914443643 0.348993288590604
12 7 512 52 0.348993288590604 0.03580869983177121 0.32118078927235766 0.06495286557992731 0.03612971568327305 52 4161 0.012496995914443643 0.348993288590604
1 7 8 739 0.9609882964889467 0.1848113434270608 0.9226232999430858 0.31000452767610204 0.186301173931538 43 4161 0.010334054313866858 0.25443786982248523
21 7 8 1900 0.9669211195928753 0.4722422494592646 0.9569957393934042 0.6345645176710538 0.4746465083492067 43 4161 0.010334054313866858 0.25443786982248523
22 7 8 161 0.9044943820224719 0.04277817832251862 0.7540948242734257 0.0816926903314543 0.04318553545111687 43 4161 0.010334054313866858 0.25443786982248523
12 7 8 43 0.25443786982248523 0.04061523672194184 0.2418324342187852 0.07004877484528928 0.04095601210232031 43 4161 0.010334054313866858 0.25443786982248523
1 7 64 1957 0.9678536102868447 0.4859408795962509 0.95844274054551 0.6470235483435024 0.4883483840877733 95 4161 0.0228310502283105 0.2486910994764398
21 7 64 1624 0.9237770193401593 0.42249459264599853 0.9130510875861992 0.5798098868118571 0.4247767981002283 95 4161 0.0228310502283105 0.2486910994764398
22 7 64 0 0.0 0.004085556356645037 0 0 0 95 4161 0.0228310502283105 0.2486910994764398
12 7 64 95 0.2486910994764398 0.09180485460225907 0.24455328187556521 0.1341046785127647 0.09238187347411837 95 4161 0.0228310502283105 0.2486910994764398
1 7 256 0 0 0.0 0 0 0 98 4161 0.023552030761836096 0.4083333333333333
21 7 256 3006 0.9791530944625407 0.737803412641192 0.9759920472961511 0.8415151945942677 0.7396084101088578 98 4161 0.023552030761836096 0.4083333333333333
22 7 256 103 0.8583333333333333 0.02883922134102379 0.6680784316243914 0.05580349584521302 0.029117830227627373 98 4161 0.023552030761836096 0.4083333333333333
12 7 256 98 0.4083333333333333 0.05767844268204758 0.3851500491749217 0.10107912277761304 0.058173055731056876 98 4161 0.023552030761836096 0.4083333333333333
1 7 32 118 0.9752066115702479 0.029079548185532322 0.7375988313629291 0.056475074114140725 0.029361588376827907 7 4161 0.0016822879115597211 0.19444444444444445
21 7 32 1144 0.9744463373083475 0.2821437154530161 0.9513343443222316 0.43758727759079635 0.2841424392322329 7 4161 0.0016822879115597211 0.19444444444444445
22 7 32 266 0.9399293286219081 0.06801249699591444 0.8340617083049666 0.12684648858595604 0.06864295250181222 7 4161 0.0016822879115597211 0.19444444444444445
12 7 32 7 0.19444444444444445 0.008651766402307137 0.1603507909807405 0.01656641356868159 0.008734397713655064 7 4161 0.0016822879115597211 0.19444444444444445
1 7 2 2624 0.9805680119581465 0.6431146359048305 0.9755000736820033 0.776774501865102 0.6453134341839031 69 4161 0.01658255227108868 0.26037735849056604
21 7 2 773 0.9137115839243499 0.20331651045421772 0.883159212608463 0.33261947795224467 0.20489375179286567 69 4161 0.01658255227108868 0.26037735849056604
22 7 2 47 0.734375 0.015380918048546022 0.5020234084145367 0.03013077034803644 0.015531474281516968 69 4161 0.01658255227108868 0.26037735849056604
12 7 2 69 0.26037735849056604 0.06368661379476087 0.25265168082177863 0.1023412269753228 0.06416653275367103 69 4161 0.01658255227108868 0.26037735849056604
1 7 128 512 0.9808429118773946 0.1254506128334535 0.9188133823700003 0.2224497235858432 0.12654326908283034 8 4161 0.0019226147560682527 0.14285714285714285
21 7 128 1118 0.967128027681661 0.2778178322518625 0.9439392813704287 0.43164192244453964 0.27979227744107693 8 4161 0.0019226147560682527 0.14285714285714285
22 7 128 365 0.9554973821989529 0.09180485460225907 0.8740789384256198 0.16751477302967702 0.09263389985151137 8 4161 0.0019226147560682527 0.14285714285714285
12 7 128 8 0.14285714285714285 0.013458303292477769 0.13043979613016304 0.024599165385460135 0.013580092774891235 8 4161 0.0019226147560682527 0.14285714285714285
1 7 1024 1 0.5 0.0004806536890170632 0.0442885332163999 0.0009603841536614645 0.0004854555591871262 78 4161 0.018745493871665464 0.3842364532019704
21 7 1024 3417 0.9895742832319722 0.8298485940879596 0.9876920385129652 0.9027003429739234 0.8311769010893196 78 4161 0.018745493871665464 0.3842364532019704
22 7 1024 65 0.7926829268292683 0.01970680124969959 0.5709513026785382 0.03845751454783559 0.019898922213485534 78 4161 0.018745493871665464 0.3842364532019704
12 7 1024 78 0.3842364532019704 0.04878634943523191 0.35974561001363636 0.08657970784679865 0.04921172899327443 78 4161 0.018745493871665464 0.3842364532019704
1 7 16 2773 0.9822883457314914 0.6784426820475847 0.9779518792671432 0.8025698667331836 0.6805268751698598 53 4161 0.012737322758952174 0.20948616600790515
21 7 16 861 0.9169329073482428 0.22566690699351116 0.889941990014879 0.362194025457727 0.22736400913883462 53 4161 0.012737322758952174 0.20948616600790515
22 7 16 0 0.0 0.0045662100456621 0 0 0 53 4161 0.012737322758952174 0.20948616600790515
12 7 16 53 0.20948616600790515 0.06080269166065849 0.20453412425980902 0.09424970654595806 0.06123299177128645 53 4161 0.012737322758952174 0.20948616600790515
1 4 4 2738 0.9806590257879656 0.6709925498678202 0.9761984263732987 0.796796261345975 0.6730969698824002 32 4161 0.007690459024273011 0.20512820512820512
21 4 4 237 0.9294117647058824 0.061283345349675555 0.8150907432400762 0.11498484563091833 0.0618553927324713 32 4161 0.007690459024273011 0.20512820512820512
22 4 4 118 0.8740740740740741 0.032444124008651765 0.6954533783906447 0.06256590923819229 0.03275640663483518 32 4161 0.007690459024273011 0.20512820512820512
12 4 4 32 0.20512820512820512 0.03749098774333093 0.19643191083517222 0.06339530630905212 0.03779681692076846 32 4161 0.007690459024273011 0.20512820512820512
1 4 512 666 0.9722627737226277 0.16462388848834414 0.927223891402307 0.2815719169955046 0.1659890740658519 56 4161 0.013458303292477769 0.3163841807909605
21 4 512 2660 0.9783008458992276 0.6534486902186974 0.9735091096277546 0.7835386402665349 0.6556041187312015 56 4161 0.013458303292477769 0.3163841807909605
22 4 512 32 0.6530612244897959 0.011776015380918048 0.42429243513765486 0.02313486237855304 0.011891631232982576 56 4161 0.013458303292477769 0.3163841807909605
12 4 512 56 0.3163841807909605 0.04253785147801009 0.29742631723429824 0.07499290699653861 0.042905543491775076 56 4161 0.013458303292477769 0.3163841807909605
1 4 8 1221 0.9682791435368755 0.30305215092525833 0.9476826148023019 0.46162487846106753 0.3051276833555356 34 4161 0.008171112713290074 0.24113475177304963
21 4 8 1571 0.9679605668515096 0.39005046863734677 0.9539662686434502 0.5560388875440788 0.39236987530194334 34 4161 0.008171112713290074 0.24113475177304963
22 4 8 77 0.8191489361702128 0.02259072338380197 0.6071759315014904 0.04396886095865238 0.022810339916930992 34 4161 0.008171112713290074 0.24113475177304963
12 4 8 34 0.24113475177304963 0.033886085075702954 0.22736660008057946 0.05942177186948035 0.03417691792800608 34 4161 0.008171112713290074 0.24113475177304963
1 4 64 2858 0.9821305841924398 0.6993511175198269 0.9782143805492656 0.8169629451286375 0.7013504837970751 55 4161 0.013217976447969237 0.2099236641221374
21 4 64 716 0.9017632241813602 0.19081951453977408 0.8696819569023319 0.314985793880509 0.19232074530393814 55 4161 0.013217976447969237 0.2099236641221374
22 4 64 0 0.0 0.004085556356645037 0 0 0 55 4161 0.013217976447969237 0.2099236641221374
12 4 64 55 0.2099236641221374 0.06296563326123528 0.20518224707838645 0.09687427520764777 0.06340510889885503 55 4161 0.013217976447969237 0.2099236641221374
1 4 256 195 0.9701492537313433 0.04830569574621485 0.8159742512359591 0.09202907738472592 0.04876447188571959 106 4161 0.02547464551790435 0.363013698630137
21 4 256 3352 0.9844346549192364 0.8183129055515501 0.9824599574013614 0.8937197869037442 0.8196824112524861 106 4161 0.02547464551790435 0.363013698630137
22 4 256 6 0.25 0.005767844268204758 0.17614998909962937 0.011275546159267088 0.0058241789925900294 106 4161 0.02547464551790435 0.363013698630137
12 4 256 106 0.363013698630137 0.07017543859649122 0.3486104101203172 0.1176144244105409 0.07074044217732023 106 4161 0.02547464551790435 0.363013698630137
1 4 32 2914 0.9798251513113652 0.714732035568373 0.9762401403480447 0.826543276697999 0.7166517501264712 51 4161 0.012256669069935111 0.22972972972972974
21 4 32 146 0.7978142076502732 0.04397981254506128 0.682062963204484 0.08336414480612174 0.04439513768150741 51 4161 0.012256669069935111 0.22972972972972974
22 4 32 85 0.8333333333333334 0.024513338139870222 0.6281324309493324 0.04762571788765933 0.024751190709582184 51 4161 0.012256669069935111 0.22972972972972974
12 4 32 51 0.22972972972972974 0.05335255948089401 0.22244865444983097 0.08659438995009465 0.053761229698532934 51 4161 0.012256669069935111 0.22972972972972974
1 4 2 87 0.9560439560439561 0.021869742850276375 0.6718866454864983 0.04276131011536965 0.02208338864879959 71 4161 0.017063205960105743 0.34134615384615385
21 4 2 3314 0.9851367419738407 0.8084595049267003 0.9830097845598877 0.8880963751765013 0.8098976173218997 71 4161 0.017063205960105743 0.34134615384615385
22 4 2 2 0.10526315789473684 0.0045662100456621 0.08639863130881095 0.0087527352297593 0.004609872429767909 71 4161 0.017063205960105743 0.34134615384615385
12 4 2 71 0.34134615384615385 0.04998798365777457 0.3227223150305582 0.0872053027059744 0.050414035330600265 71 4161 0.017063205960105743 0.34134615384615385
1 4 128 1314 0.9820627802690582 0.32155731795241527 0.9624882177788631 0.48448083013608256 0.32371295614554185 34 4161 0.008171112713290074 0.2556390977443609
21 4 128 1495 0.9638942617666022 0.3727469358327325 0.9489929919384529 0.5375992198737441 0.3750241516835112 34 4161 0.008171112713290074 0.2556390977443609
22 4 128 241 0.9341085271317829 0.06200432588320115 0.8199259948916343 0.11628957371898276 0.06258282786560797 34 4161 0.008171112713290074 0.2556390977443609
12 4 128 34 0.2556390977443609 0.0319634703196347 0.23907465239790743 0.05682225140265011 0.03224279070890412 34 4161 0.008171112713290074 0.2556390977443609
1 4 1024 0 0 0.0 0 0 0 104 4161 0.024993991828887285 0.36879432624113473
21 4 1024 3249 0.981570996978852 0.7954818553232396 0.9793027707706259 0.8787829993876657 0.7969778297923859 104 4161 0.024993991828887285 0.36879432624113473
22 4 1024 82 0.8118811881188119 0.02427301129536169 0.6144720275148351 0.04713676320350139 0.024508414067563985 104 4161 0.024993991828887285 0.36879432624113473
12 4 1024 104 0.36879432624113473 0.06777217015140591 0.3532590495762506 0.11450256506359953 0.0683243343785905 104 4161 0.024993991828887285 0.36879432624113473
1 4 16 2154 0.9777576032682705 0.5294400384522951 0.9696283082322357 0.6869225491627355 0.5318545319671149 77 4161 0.018505167027156932 0.27017543859649124
21 4 16 1388 0.933422999327505 0.3573660177841865 0.9187596649350498 0.5168523372227884 0.35956307139609145 77 4161 0.018505167027156932 0.27017543859649124
22 4 16 0 0.0 0.004325883201153569 0 0 0 77 4161 0.018505167027156932 0.27017543859649124
12 4 16 77 0.27017543859649124 0.0684931506849315 0.2625218571303191 0.10928186204938972 0.06900314981589104 77 4161 0.018505167027156932 0.27017543859649124
1 6 4 2433 0.9708699122106943 0.6022590723383802 0.9650220033756806 0.7433786020500557 0.6045315764451125 78 4161 0.018745493871665464 0.20967741935483872
21 6 4 1302 0.9010380622837371 0.34727229031482815 0.8870333385395047 0.5013265345412593 0.34939838445410215 78 4161 0.018745493871665464 0.20967741935483872
22 6 4 0 0.0 0.004325883201153569 0 0 0 78 4161 0.018745493871665464 0.20967741935483872
12 6 4 78 0.20967741935483872 0.08940158615717375 0.20692118129560225 0.1253547960651658 0.08991223710340471 78 4161 0.018745493871665464 0.20967741935483872
1 6 512 58 0.9508196721311475 0.014659937515020427 0.5825168965730847 0.028874679158896428 0.01480425433912621 119 4161 0.02859889449651526 0.3851132686084142
21 6 512 3410 0.9832756632064591 0.8334534967555876 0.981528729831366 0.9021868067458257 0.8347127598082459 119 4161 0.02859889449651526 0.3851132686084142
22 6 512 0 0.0 0.004085556356645037 0 0 0 119 4161 0.02859889449651526 0.3851132686084142
12 6 512 119 0.3851132686084142 0.07426099495313626 0.36978743652832213 0.12451239333604226 0.07485925457305856 119 4161 0.02859889449651526 0.3851132686084142
1 6 8 821 0.9693034238488784 0.20355683729872626 0.9344972697915185 0.3364566877701949 0.20516155979600703 53 4161 0.012737322758952174 0.26903553299492383
21 6 8 2245 0.9706009511456982 0.5558759913482336 0.9634838144646967 0.7069006427836013 0.5582376504656145 53 4161 0.012737322758952174 0.26903553299492383
22 6 8 346 0.9505494505494505 0.0874789714011055 0.8659594946146537 0.16021350945998034 0.08827252399906799 53 4161 0.012737322758952174 0.26903553299492383
12 6 8 53 0.26903553299492383 0.04734438836818072 0.25711525703333443 0.08051916002807104 0.04773383111589753 53 4161 0.012737322758952174 0.26903553299492383
1 6 64 2586 0.9762174405436014 0.6366258111031002 0.9710887054997157 0.7706703292642119 0.6388260592532823 45 4161 0.010814708002883922 0.18442622950819673
21 6 64 820 0.9371428571428572 0.21028598894496514 0.9061323531544796 0.34349495948076003 0.21191333536325258 45 4161 0.010814708002883922 0.18442622950819673
22 6 64 18 0.5142857142857142 0.008411439557798606 0.32234369142544506 0.016552159005819533 0.008494164683738207 45 4161 0.010814708002883922 0.18442622950819673
12 6 64 45 0.18442622950819673 0.05863975006008171 0.18059078188750896 0.08898578091506233 0.05903843029261656 45 4161 0.010814708002883922 0.18442622950819673
1 6 256 699 0.9681440443213296 0.1735159817351598 0.9261503078868539 0.2942880725915011 0.17493760896260813 56 4161 0.013458303292477769 0.35
21 6 256 2382 0.9794407894736842 0.5844748858447488 0.9729311864950202 0.732083644474965 0.5868178376333933 56 4161 0.013458303292477769 0.35
22 6 256 119 0.875 0.032684450853160296 0.6971223908299318 0.06301505874565613 0.03299896903961441 56 4161 0.013458303292477769 0.35
12 6 256 56 0.35 0.038452295121365054 0.32400816894711665 0.06929192316020664 0.03879419733187008 56 4161 0.013458303292477769 0.35
1 6 32 1326 0.9764359351988218 0.3263638548425859 0.9575516608974136 0.4892131519428389 0.3285294169777118 68 4161 0.016342225426580148 0.3300970873786408
21 6 32 1965 0.9679802955665024 0.4878634943523191 0.9586395285285322 0.6487540115627336 0.4902711554529353 68 4161 0.016342225426580148 0.3300970873786408
22 6 32 105 0.860655737704918 0.029319875030040854 0.672002617767055 0.05670788797425347 0.02960298895898043 68 4161 0.016342225426580148 0.3300970873786408
12 6 32 68 0.3300970873786408 0.04950732996875751 0.31255782552178835 0.08610134487251984 0.04992752292425415 68 4161 0.016342225426580148 0.3300970873786408
1 6 2 513 0.9715909090909091 0.12689257390050468 0.911514023276519 0.22446886665448454 0.12799433534736843 10 4161 0.002403268445085316 0.30303030303030304
21 6 2 660 0.9806835066864784 0.16173996635424176 0.9338668702783314 0.2776828752536971 0.16308839125951374 10 4161 0.002403268445085316 0.30303030303030304
22 6 2 349 0.953551912568306 0.08795962509012256 0.8688926007771257 0.16106219797055124 0.08875734784323742 10 4161 0.002403268445085316 0.30303030303030304
12 6 2 10 0.30303030303030304 0.007930785868781542 0.22144707992824395 0.015457036464554205 0.008007997906820349 10 4161 0.002403268445085316 0.30303030303030304
1 6 128 964 0.974721941354904 0.23768324921893774 0.9456872073214203 0.382174342220641 0.23947612580251196 89 4161 0.02138908916125931 0.41784037558685444
21 6 128 2133 0.9704276615104641 0.5282384042297524 0.9624507393927761 0.6840979068722793 0.5306323669515483 89 4161 0.02138908916125931 0.41784037558685444
22 6 128 134 0.8758169934640523 0.03677000720980533 0.7144111004618292 0.07057693598607875 0.03712212205455822 89 4161 0.02138908916125931 0.41784037558685444
12 6 128 89 0.41784037558685444 0.05118961788031723 0.39017070530028247 0.09120563485992235 0.05163825204461406 89 4161 0.02138908916125931 0.41784037558685444
1 6 1024 483 0.9777327935222672 0.1187214611872146 0.9123715900924846 0.21173316697717942 0.11976325295471128 74 4161 0.017784186493631338 0.37373737373737376
21 6 1024 2738 0.9775080328454123 0.673155491468397 0.9731517034277648 0.7972732062858179 0.6752370637513871 74 4161 0.017784186493631338 0.37373737373737376
22 6 1024 33 0.6346153846153846 0.012496995914443643 0.42509314149904465 0.02451130934100859 0.012619480815645604 74 4161 0.017784186493631338 0.37373737373737376
12 6 1024 74 0.37373737373737376 0.047584715212689255 0.34998630659880037 0.08442085976526713 0.047999448859321725 74 4161 0.017784186493631338 0.37373737373737376
1 6 16 1323 0.9749447310243183 0.32612352799807737 0.9561112773150219 0.4887559327958585 0.32828662929841285 65 4161 0.015621244893054553 0.22491349480968859
21 6 16 2218 0.9547998278088679 0.5582792597933189 0.9481323463753452 0.7045830525153216 0.560584270364114 65 4161 0.015621244893054553 0.22491349480968859
22 6 16 2 0.10526315789473684 0.0045662100456621 0.08639863130881095 0.0087527352297593 0.004609872429767909 65 4161 0.015621244893054553 0.22491349480968859
12 6 16 65 0.22491349480968859 0.06945445806296563 0.22003719310901107 0.1061341408982276 0.06993304575768666 65 4161 0.015621244893054553 0.22491349480968859
1 1 4 2891 0.9740566037735849 0.7132900745013218 0.9705435941493815 0.8235236023749339 0.7151857549609628 39 4161 0.009372746935832732 0.13310580204778158
21 1 4 405 0.821501014198783 0.11848113434270607 0.7759170268838852 0.20709408615255046 0.11949360581413229 39 4161 0.009372746935832732 0.13310580204778158
22 1 4 134 0.8874172185430463 0.03628935352078827 0.7201792735881571 0.0697273314667241 0.03663726489619498 39 4161 0.009372746935832732 0.13310580204778158
12 1 4 39 0.13310580204778158 0.07041576544099976 0.13194276691948342 0.09210568738715501 0.07074566367301592 39 4161 0.009372746935832732 0.13310580204778158
1 1 512 1890 0.9672466734902764 0.4695986541696707 0.9572033312094316 0.6322430499333784 0.4720030639124787 151 4161 0.03628935352078827 0.3282608695652174
21 1 512 2019 0.9452247191011236 0.5133381398702235 0.9374160470092006 0.665339715841835 0.5156709852797664 151 4161 0.03628935352078827 0.3282608695652174
22 1 512 0 0.0 0.0038452295121365054 0 0 0 151 4161 0.03628935352078827 0.3282608695652174
12 1 512 151 0.3282608695652174 0.11055034847392453 0.321982736523267 0.16539847674336924 0.11128108409062432 151 4161 0.03628935352078827 0.3282608695652174
1 1 8 2829 0.9704974271012007 0.7005527517423696 0.9668088982292109 0.8137213971457657 0.7024873800137963 133 4161 0.0319634703196347 0.30158730158730157
21 1 8 979 0.9098513011152416 0.25859168469118 0.887715660196998 0.4027239388346703 0.2604374042439023 133 4161 0.0319634703196347 0.30158730158730157
22 1 8 19 0.5277777777777778 0.008651766402307137 0.3310856469167397 0.01702445398543961 0.008736851849884585 133 4161 0.0319634703196347 0.30158730158730157
12 1 8 133 0.30158730158730157 0.10598413842826243 0.2961752443427655 0.15684843039254226 0.10666912202063028 133 4161 0.0319634703196347 0.30158730158730157
1 1 64 2343 0.9738154613466334 0.578226387887527 0.9672635227818412 0.7256064608842071 0.5805614284367625 153 4161 0.03677000720980533 0.33406113537117904
21 1 64 1523 0.9258358662613981 0.39533765921653446 0.9136964915427818 0.5540798042468906 0.39759328780122344 153 4161 0.03677000720980533 0.33406113537117904
22 1 64 0 0.0 0.0031242489786109107 0 0 0 153 4161 0.03677000720980533 0.33406113537117904
12 1 64 153 0.33406113537117904 0.11006969478490747 0.3274632486796277 0.165581872336504 0.11080529971131493 153 4161 0.03677000720980533 0.33406113537117904
1 1 256 1191 0.9706601466992665 0.29488103821196826 0.9491244123775469 0.4523428794294629 0.2969277988098788 155 4161 0.037250660898822396 0.3613053613053613
21 1 256 2605 0.964100666173205 0.6493631338620524 0.9594961630159149 0.7760340578214946 0.6514688432284634 155 4161 0.037250660898822396 0.3613053613053613
22 1 256 73 0.8021978021978022 0.021869742850276375 0.5927828083682245 0.04257869334751982 0.02208242010709666 155 4161 0.037250660898822396 0.3613053613053613
12 1 256 155 0.3613053613053613 0.10310021629416005 0.3525631586448777 0.16042296947150528 0.10383492053538228 155 4161 0.037250660898822396 0.3613053613053613
1 1 32 2207 0.9769809650287737 0.5428983417447729 0.9693074550006 0.6979519274544029 0.5452971645247522 137 4161 0.03292477769766883 0.3586387434554974
21 1 32 1642 0.9372146118721462 0.42105263157894735 0.9259756085645011 0.5810589640376873 0.4233611673435837 137 4161 0.03292477769766883 0.3586387434554974
22 1 32 0 0.0 0.004085556356645037 0 0 0 137 4161 0.03292477769766883 0.3586387434554974
12 1 32 137 0.3586387434554974 0.09180485460225907 0.3486066934930137 0.14618823683868704 0.09248615577398114 137 4161 0.03292477769766883 0.3586387434554974
1 1 2 1559 0.9713395638629283 0.3857245854361932 0.9569547291995886 0.5521766244908983 0.38804089833352895 140 4161 0.03364575823119442 0.36175710594315247
21 1 2 2261 0.9637681159420289 0.5638067772170151 0.9570461051135692 0.7114269786276407 0.5661329529438294 140 4161 0.03364575823119442 0.36175710594315247
22 1 2 0 0.0 0.004085556356645037 0 0 0 140 4161 0.03364575823119442 0.36175710594315247
12 1 2 140 0.36175710594315247 0.09300648882480173 0.35169517669016365 0.14797032400257268 0.09369566542871574 140 4161 0.03364575823119442 0.36175710594315247
1 1 128 1994 0.9670223084384093 0.49555395337659214 0.9579981872995279 0.6552981071295776 0.4979576913602332 142 4161 0.034126411920211486 0.3279445727482679
21 1 128 1839 0.9425935417734496 0.46887767363614513 0.9332580170253699 0.6262417004698703 0.4712224317919414 142 4161 0.034126411920211486 0.3279445727482679
22 1 128 31 0.6326530612244898 0.011776015380918048 0.4156671389982416 0.023121651242084748 0.011891562074831446 142 4161 0.034126411920211486 0.3279445727482679
12 1 128 142 0.3279445727482679 0.10406152367219418 0.32110457202110343 0.15799041820464033 0.10476968963413091 142 4161 0.034126411920211486 0.3279445727482679
1 1 1024 599 0.9724025974025974 0.14804133621725546 0.9215922661333801 0.256962040743133 0.14929445944953965 146 4161 0.03508771929824561 0.40331491712707185
21 1 1024 3145 0.9782270606531882 0.7726508050949291 0.9756568695089225 0.8633702450243504 0.7742618207087196 146 4161 0.03508771929824561 0.40331491712707185
22 1 1024 91 0.8272727272727273 0.026435952895938475 0.6363952812795258 0.05123467374363725 0.026691782919539983 146 4161 0.03508771929824561 0.40331491712707185
12 1 1024 146 0.40331491712707185 0.08699831771208844 0.3893005100822599 0.1431236883081714 0.08767916976749182 146 4161 0.03508771929824561 0.40331491712707185
1 1 16 3066 0.9845857418111753 0.7483777937995674 0.9815184808870245 0.850383854157064 0.7501596526259081 41 4161 0.009853400624849795 0.13141025641025642
21 1 16 577 0.8231098430813124 0.16846911800048064 0.7926151874788142 0.27969247982054407 0.16980626005198968 41 4161 0.009853400624849795 0.13141025641025642
22 1 16 0 0.0 0.004085556356645037 0 0 0 41 4161 0.009853400624849795 0.13141025641025642
12 1 16 41 0.13141025641025642 0.07498197548666186 0.13043835129345266 0.0954822818115658 0.07530212542147885 41 4161 0.009853400624849795 0.13141025641025642
1 2 4 2604 0.9734579439252337 0.6428743090603221 0.9685268240590792 0.774359482023909 0.6450431692833103 55 4161 0.013217976447969237 0.19784172661870503
21 2 4 833 0.9133771929824561 0.2191780821917808 0.8856052826003004 0.35352316282277424 0.2208399256368477 55 4161 0.013217976447969237 0.19784172661870503
22 2 4 87 0.8365384615384616 0.024993991828887285 0.633031011902824 0.04853777798043575 0.02523639164955148 55 4161 0.013217976447969237 0.19784172661870503
12 2 4 55 0.19784172661870503 0.06681086277337178 0.1940732074063229 0.09988926598701897 0.06725186284032458 55 4161 0.013217976447969237 0.19784172661870503
1 2 512 519 0.9646840148698885 0.12929584234559 0.9066827152131985 0.22802912042165727 0.13041400789651222 88 4161 0.02114876231675078 0.38427947598253276
21 2 512 2867 0.9781644489935176 0.7043979812545061 0.9744148513234681 0.8190092097853311 0.7063553391249034 88 4161 0.02114876231675078 0.38427947598253276
22 2 512 0 0.0 0.004085556356645037 0 0 0 88 4161 0.02114876231675078 0.38427947598253276
12 2 512 88 0.38427947598253276 0.055034847392453734 0.36279051196841217 0.0962807775274779 0.05550570299505244 88 4161 0.02114876231675078 0.38427947598253276
1 2 8 2136 0.9740082079343365 0.5270367700072098 0.9658976896144622 0.6839743610803566 0.529442320264224 46 4161 0.011055034847392453 0.18253968253968253
21 2 8 1336 0.9421720733427362 0.3407834655130978 0.9259926569955241 0.5005265647003495 0.3429508475837493 46 4161 0.011055034847392453 0.18253968253968253
22 2 8 58 0.7733333333333333 0.01802451333813987 0.5465653527203242 0.035227949125982434 0.018200516375182923 46 4161 0.011055034847392453 0.18253968253968253
12 2 8 46 0.18253968253968253 0.06056236481614996 0.17897076128518638 0.09094974696951866 0.060965718577654024 46 4161 0.011055034847392453 0.18253968253968253
1 2 64 3089 0.9812579415501906 0.7565489065128574 0.9783807415705837 0.8543752989744471 0.7582681555666068 61 4161 0.014659937515020427 0.2
21 2 64 477 0.8517857142857143 0.1345830329247777 0.8090953440202381 0.23244026162582007 0.13571443303169672 61 4161 0.014659937515020427 0.2
22 2 64 101 0.8559322033898306 0.028358567652006728 0.6640612889006824 0.05489825765514699 0.02863266681293997 61 4161 0.014659937515020427 0.2
12 2 64 61 0.2 0.07329968757510213 0.19663477189600476 0.10728104115371086 0.07376234660281353 61 4161 0.014659937515020427 0.2
1 2 256 2033 0.9792870905587668 0.4989185291997116 0.9700398291301487 0.6610507609430869 0.5013534631911856 77 4161 0.018505167027156932 0.2851851851851852
21 2 256 1464 0.9384615384615385 0.3749098774333093 0.9246993959199413 0.5357791346795375 0.3771522750014716 77 4161 0.018505167027156932 0.2851851851851852
22 2 256 75 0.8152173913043478 0.022110069694784906 0.601566714862211 0.04305248347314991 0.02232511544413621 77 4161 0.018505167027156932 0.2851851851851852
12 2 256 77 0.2851851851851852 0.06488824801730353 0.2759107047897764 0.10572163021838457 0.06538835223557107 77 4161 0.018505167027156932 0.2851851851851852
1 2 32 1257 0.9729102167182663 0.3105022831050228 0.952785285937364 0.4707618845676173 0.312609618804297 34 4161 0.008171112713290074 0.3434343434343434
21 2 32 1247 0.9734582357533177 0.30785868781542897 0.9530568789707589 0.4677805616856191 0.30995702756760063 34 4161 0.008171112713290074 0.3434343434343434
22 2 32 181 0.9141414141414141 0.047584715212689255 0.7744958266119844 0.09046059481665183 0.04803555793651729 34 4161 0.008171112713290074 0.3434343434343434
12 2 32 34 0.3434343434343434 0.023792357606344627 0.30311508647668367 0.044501735250371835 0.024013645070095423 34 4161 0.008171112713290074 0.3434343434343434
1 2 2 811 0.9771084337349397 0.19947128094208122 0.9407947637300718 0.33130788924050397 0.20105554996953978 64 4161 0.015380918048546022 0.35359116022099446
21 2 2 2402 0.9768198454656364 0.5909637106464792 0.9705456335538705 0.7364091532392771 0.5932840539072881 64 4161 0.015380918048546022 0.35359116022099446
22 2 2 83 0.83 0.02403268445085316 0.6231032070898337 0.04671279789961251 0.024265985069312775 64 4161 0.015380918048546022 0.35359116022099446
12 2 2 64 0.35359116022099446 0.04349915885604422 0.33027966318917884 0.0774681089395282 0.04388016859666414 64 4161 0.015380918048546022 0.35359116022099446
1 2 128 1453 0.9758226997985225 0.35784667147320354 0.9594182656117336 0.5236603802903865 0.3601045885795689 63 4161 0.01514059120403749 0.3118811881188119
21 2 128 1729 0.9632311977715877 0.4313866858928142 0.951615162437989 0.5958981582301899 0.4337579515813771 63 4161 0.01514059120403749 0.3118811881188119
22 2 128 187 0.9166666666666666 0.049026676279740444 0.7799952507304583 0.09307534374416723 0.04949047373234215 63 4161 0.01514059120403749 0.3118811881188119
12 2 128 63 0.3118811881188119 0.04854602259072338 0.2959846338884842 0.08401469563983138 0.04895528122836611 63 4161 0.01514059120403749 0.3118811881188119
1 2 1024 1214 0.9681020733652312 0.3013698630136986 0.9473509722127595 0.4596506324756906 0.3034389571494843 96 4161 0.023071377072819033 0.3137254901960784
21 2 1024 2156 0.9599287622439893 0.539774092766162 0.9525873335140863 0.6909964531032208 0.5421234388660953 96 4161 0.023071377072819033 0.3137254901960784
22 2 1024 0 0.0 0.004085556356645037 0 0 0 96 4161 0.023071377072819033 0.3137254901960784
12 2 1024 96 0.3137254901960784 0.07354001441961067 0.3038982875853626 0.11915017887128568 0.07410171362910122 96 4161 0.023071377072819033 0.3137254901960784
1 2 16 396 0.9635036496350365 0.09877433309300648 0.8866496050454761 0.1791798982427806 0.09965990928549849 92 4161 0.022110069694784906 0.5609756097560976
21 2 16 2430 0.9854014598540146 0.5926459985580389 0.9789778615722646 0.7401478694986644 0.5949940102289554 92 4161 0.022110069694784906 0.5609756097560976
22 2 16 254 0.9372693726937269 0.06512857486181206 0.8275489781328256 0.12179398143028394 0.06573418352103458 92 4161 0.022110069694784906 0.5609756097560976
12 2 16 92 0.5609756097560976 0.03941360249939918 0.49599077207093323 0.07365245491911313 0.039779789629847434 92 4161 0.022110069694784906 0.5609756097560976
1 9 4 537 0.9763636363636363 0.13217976447969237 0.9182960946522825 0.23283800237843996 0.1333210725270639 105 4161 0.025234318673395817 0.29085872576177285
21 9 4 3144 0.9779160186625194 0.7726508050949291 0.9753505220771516 0.8632490789617688 0.7742598908255318 105 4161 0.025234318673395817 0.29085872576177285
22 9 4 25 0.5952380952380952 0.010093727469358327 0.3781759828831238 0.019850835152993223 0.01019293628074028 105 4161 0.025234318673395817 0.29085872576177285
12 9 4 105 0.29085872576177285 0.0867579908675799 0.2842381452824467 0.13365043210290078 0.087364976571297 105 4161 0.025234318673395817 0.29085872576177285
1 9 512 0 0 0.0 0 0 0 53 4161 0.012737322758952174 0.38686131386861317
21 9 512 2596 0.9848254931714719 0.6335015621244893 0.9794475051083144 0.7710289292914907 0.6357470537189948 53 4161 0.012737322758952174 0.38686131386861317
22 9 512 49 0.7424242424242424 0.015861571737563085 0.5107734456730295 0.03105956925736512 0.016016765542491103 53 4161 0.012737322758952174 0.38686131386861317
12 9 512 53 0.38686131386861317 0.03292477769766883 0.34964692555137644 0.06068482503280374 0.03322574788978777 53 4161 0.012737322758952174 0.38686131386861317
1 9 8 813 0.9667063020214031 0.20211487623167507 0.9318055284996654 0.33432954197058606 0.20371011647459653 110 4161 0.026435952895938475 0.3832752613240418
21 9 8 2358 0.9687756778964667 0.5849555395337659 0.9625225910957186 0.7294578277037981 0.5872591708009512 110 4161 0.026435952895938475 0.3832752613240418
22 9 8 31 0.6458333333333334 0.011535688536409516 0.41817407781497024 0.022666514337941274 0.011648964717328436 110 4161 0.026435952895938475 0.3832752613240418
12 9 8 110 0.3832752613240418 0.06897380437394857 0.3667295025308783 0.11690882259817545 0.06953840185657895 110 4161 0.026435952895938475 0.3832752613240418
1 9 64 1368 0.9715909090909091 0.3383801970680125 0.9539170035098007 0.5019456104672071 0.3405778537158099 106 4161 0.02547464551790435 0.3045977011494253
21 9 64 2176 0.9493891797556719 0.5508291276135544 0.9426361357457316 0.6971668204310996 0.5531282067553792 106 4161 0.02547464551790435 0.3045977011494253
22 9 64 45 0.7258064516129032 0.014900264359528959 0.49294579677946976 0.029201052912517202 0.015046178135130367 106 4161 0.02547464551790435 0.3045977011494253
12 9 64 106 0.3045977011494253 0.083633741888969 0.29683289585455597 0.13123432413682692 0.08423878390793245 106 4161 0.02547464551790435 0.3045977011494253
1 9 256 442 0.9714285714285714 0.10934871425138187 0.9010919425550786 0.19657049917725017 0.11031802207461877 63 4161 0.01514059120403749 0.315
21 9 256 2500 0.9742790335151987 0.6166786830088921 0.9687172426331574 0.755289854697067 0.6189279099280919 63 4161 0.01514059120403749 0.315
22 9 256 47 0.734375 0.015380918048546022 0.5020234084145367 0.03013077034803644 0.015531474281516968 63 4161 0.01514059120403749 0.315
12 9 256 63 0.315 0.04806536890170632 0.29858219210383136 0.0834042158845315 0.048472059814963636 63 4161 0.01514059120403749 0.315
1 9 32 385 0.9697732997481109 0.09540975726988704 0.8891002272951758 0.17372757579305226 0.09626914182608408 62 4161 0.014900264359528959 0.3163265306122449
21 9 32 2479 0.9694955025420414 0.6145157414083153 0.9639821192584993 0.7522298213627093 0.6167516122576079 62 4161 0.014900264359528959 0.3163265306122449
22 9 32 81 0.8181818181818182 0.023792357606344627 0.6149068322981366 0.0462400747314339 0.02402329531667071 62 4161 0.014900264359528959 0.3163265306122449
12 9 32 62 0.3163265306122449 0.04710406152367219 0.2993846689735685 0.0819978542365333 0.04750436357454861 62 4161 0.014900264359528959 0.3163265306122449
1 9 2 572 0.9811320754716981 0.14011055034847392 0.9260931949942411 0.24520465400309782 0.1413098583313654 118 4161 0.028358567652006728 0.3323943661971831
21 9 2 3046 0.9728521239220697 0.7524633501562125 0.9700391093165195 0.8485816992559738 0.7541548883713827 118 4161 0.028358567652006728 0.3323943661971831
22 9 2 73 0.8111111111111111 0.021629416005767843 0.5957963749592593 0.04213523679425883 0.021839886253677995 118 4161 0.028358567652006728 0.3323943661971831
12 9 2 118 0.3323943661971831 0.08531602980052871 0.32312908284707414 0.13578100005996535 0.08594858491452402 118 4161 0.028358567652006728 0.3323943661971831
1 9 128 0 0 0.0 0 0 0 90 4161 0.021629416005767843 0.3629032258064516
21 9 128 3331 0.986378442404501 0.8115837539053112 0.9842795413239395 0.8904844837126679 0.8130102128836669 90 4161 0.021629416005767843 0.3629032258064516
22 9 128 2 0.10526315789473684 0.0045662100456621 0.08639863130881095 0.0087527352297593 0.004609872429767909 90 4161 0.021629416005767843 0.3629032258064516
12 9 128 90 0.3629032258064516 0.059601057438115834 0.3454954796172809 0.10238673009261595 0.060098366047014455 90 4161 0.021629416005767843 0.3629032258064516
1 9 1024 52 0.9811320754716981 0.012737322758952174 0.5597660837529561 0.02514816521505057 0.012863026073602835 84 4161 0.020187454938716654 0.3684210526315789
21 9 1024 3119 0.9805092738132662 0.764479692381639 0.9777736006852072 0.8591222552617406 0.7661509927673673 84 4161 0.020187454938716654 0.3684210526315789
22 9 1024 65 0.7926829268292683 0.01970680124969959 0.5709513026785382 0.03845751454783559 0.019898922213485534 84 4161 0.020187454938716654 0.3684210526315789
12 9 1024 84 0.3684210526315789 0.0547945205479452 0.3486623104426088 0.09540034071550256 0.055260278255432234 84 4161 0.020187454938716654 0.3684210526315789
1 9 16 3158 0.9792248062015504 0.7750540735400144 0.9766774406776295 0.8652582935613402 0.7766573897579735 94 4161 0.02259072338380197 0.24289405684754523
21 9 16 584 0.8488372093023255 0.16534486902186973 0.8154619050749989 0.27677648854709425 0.16667365435794707 94 4161 0.02259072338380197 0.24289405684754523
22 9 16 0 0.0 0.004085556356645037 0 0 0 94 4161 0.02259072338380197 0.24289405684754523
12 9 16 94 0.24289405684754523 0.09300648882480173 0.23907924722186324 0.13450840538876654 0.0935782335857811 94 4161 0.02259072338380197 0.24289405684754523
1 10 4 1983 0.9720588235294118 0.49026676279740444 0.9626919820928505 0.6517948357280668 0.4926845309089883 110 4161 0.026435952895938475 0.27638190954773867
21 10 4 1809 0.9319938176197836 0.4664744051910598 0.9228751464877337 0.6217535080519853 0.46879278351912446 110 4161 0.026435952895938475 0.27638190954773867
22 10 4 0 0.0 0.004085556356645037 0 0 0 110 4161 0.026435952895938475 0.27638190954773867
12 10 4 110 0.27638190954773867 0.09565008411439557 0.27130630484148155 0.14211655635158427 0.0962734025462207 110 4161 0.026435952895938475 0.27638190954773867
1 10 512 0 0 0.0 0 0 0 35 4161 0.008411439557798606 0.2734375
21 10 512 2717 0.9819298879653053 0.664984378755107 0.9773179055670955 0.7929593540166123 0.6671163647322792 35 4161 0.008411439557798606 0.2734375
22 10 512 65 0.7926829268292683 0.01970680124969959 0.5709513026785382 0.03845751454783559 0.019898922213485534 35 4161 0.008411439557798606 0.2734375
12 10 512 35 0.2734375 0.030761836097092043 0.2536273111233805 0.05530215591998469 0.031034540466851453 35 4161 0.008411439557798606 0.2734375
1 10 8 631 0.9722650231124808 0.155972122086037 0.9243665272707489 0.26881979472179257 0.15727953326815913 124 4161 0.029800528719057917 0.31958762886597936
21 10 8 2808 0.9623029472241261 0.7012737322758952 0.9587695342678118 0.8113094968159513 0.7031622081843951 124 4161 0.029800528719057917 0.31958762886597936
22 10 8 125 0.8802816901408451 0.034126411920211486 0.7067740314012281 0.06570557608983339 0.034454318925511866 124 4161 0.029800528719057917 0.31958762886597936
12 10 8 124 0.31958762886597936 0.09324681566931026 0.3120872447169507 0.14437036014571467 0.09390529419476444 124 4161 0.029800528719057917 0.31958762886597936
1 10 64 809 0.982989064398542 0.1977889930305215 0.9458131067082111 0.32931576935080764 0.19936573558783088 37 4161 0.008892093246815669 0.33035714285714285
21 10 64 1954 0.9799398194583752 0.479211727950012 0.9699056224972747 0.6436598789258448 0.48164848017681317 37 4161 0.008892093246815669 0.33035714285714285
22 10 64 284 0.9435215946843853 0.07233838019706801 0.8430025745414099 0.13437447193130686 0.07300579155775017 37 4161 0.008892093246815669 0.33035714285714285
12 10 64 37 0.33035714285714285 0.026916606584955538 0.297186011785364 0.04977747881394105 0.027163640451176654 37 4161 0.008892093246815669 0.33035714285714285
1 10 256 0 0 0.0 0 0 0 104 4161 0.024993991828887285 0.4388185654008439
21 10 256 3338 0.9840801886792453 0.8151886565729392 0.9820656810870947 0.8917077723946708 0.8165762196703154 104 4161 0.024993991828887285 0.4388185654008439
22 10 256 0 0.0 0.004085556356645037 0 0 0 104 4161 0.024993991828887285 0.4388185654008439
12 10 256 104 0.4388185654008439 0.05695746214852199 0.41150322233837233 0.10082775463119205 0.05745246502532657 104 4161 0.024993991828887285 0.4388185654008439
1 10 32 2266 0.9750430292598967 0.5585195866378274 0.9678962809333578 0.7102163602723758 0.5608919077176973 45 4161 0.010814708002883922 0.20179372197309417
21 10 32 902 0.9337474120082816 0.23215573179524152 0.90661996495641 0.37185732776997504 0.2338957588154572 45 4161 0.010814708002883922 0.20179372197309417
22 10 32 19 0.5135135135135135 0.008892093246815669 0.3287799999073898 0.017481474113492816 0.008979459279809502 45 4161 0.010814708002883922 0.20179372197309417
12 10 32 45 0.20179372197309417 0.053592886325402544 0.1964159921862661 0.08469283550094103 0.05398543929553644 45 4161 0.010814708002883922 0.20179372197309417
1 10 2 679 0.9658605974395448 0.1689497716894977 0.9227660474339779 0.2875932963963551 0.17034130586164403 64 4161 0.015380918048546022 0.3386243386243386
21 10 2 2560 0.9815950920245399 0.6267724104782504 0.9761238609454846 0.7650449551914812 0.6290236650428923 64 4161 0.015380918048546022 0.3386243386243386
22 10 2 79 0.8229166666666666 0.023071377072819033 0.6126308566053942 0.04488437125482711 0.023295559676259164 64 4161 0.015380918048546022 0.3386243386243386
12 10 2 64 0.3386243386243386 0.04542177361211247 0.31828228607514997 0.08009932952570152 0.04581453747997318 64 4161 0.015380918048546022 0.3386243386243386
1 10 128 0 0 0.0 0 0 0 78 4161 0.018745493871665464 0.4148936170212766
21 10 128 3334 0.984351933864777 0.8139870223503965 0.9823163328324572 0.8910997527159988 0.8153842613650195 78 4161 0.018745493871665464 0.4148936170212766
22 10 128 128 0.8827586206896552 0.03484739245373708 0.7113788125572083 0.06704802640016039 0.035181978094781845 78 4161 0.018745493871665464 0.4148936170212766
12 10 128 78 0.4148936170212766 0.04518144676760394 0.3837989426161155 0.08148884974242988 0.04558362118612997 78 4161 0.018745493871665464 0.4148936170212766
1 10 1024 0 0 0.0 0 0 0 27 4161 0.006488824801730353 0.27835051546391754
21 10 1024 2265 0.9796712802768166 0.555635664503725 0.9723244156249147 0.7090963857909632 0.5580270845402096 27 4161 0.006488824801730353 0.27835051546391754
22 10 1024 67 0.7976190476190477 0.020187454938716654 0.577443627353876 0.03937826009382773 0.020384170326958318 27 4161 0.006488824801730353 0.27835051546391754
12 10 1024 27 0.27835051546391754 0.023311703917327564 0.2511462173640181 0.04302046716383587 0.023525118797763343 27 4161 0.006488824801730353 0.27835051546391754
1 10 16 428 0.9683257918552036 0.10622446527277096 0.8963034169229999 0.19144733113660467 0.10716914633936485 7 4161 0.0016822879115597211 0.16279069767441862
21 10 16 1054 0.975925925925926 0.2595529920692141 0.9499662113071626 0.4100506943866584 0.2614531725640714 7 4161 0.0016822879115597211 0.16279069767441862
22 10 16 357 0.9545454545454546 0.08988223984619081 0.8715343431691059 0.16429415640786957 0.09069566108199921 7 4161 0.0016822879115597211 0.16279069767441862
12 10 16 7 0.16279069767441862 0.010334054313866858 0.1420428263723736 0.01943440082644628 0.010430773337487207 7 4161 0.0016822879115597211 0.16279069767441862
