1 8 4 0 0 0.0 0 0 0 49 4161 0.011776015380918048 0.3006134969325153
21 8 4 49 0.29878048780487804 0.03941360249939918 0.2805042631922914 0.06964057456073836 0.03975529536051399 49 4161 0.011776015380918048 0.3006134969325153
22 8 4 0 0.0 0.004085556356645037 0 0 0 49 4161 0.011776015380918048 0.3006134969325153
12 8 4 49 0.3006134969325153 0.03917327565489065 0.2819806004567271 0.0693141483480721 0.03951351791134458 49 4161 0.011776015380918048 0.3006134969325153
1 8 512 0 0.0 0.0016822879115597211 0 0 0 72 4161 0.017303532804614274 0.27906976744186046
21 8 512 72 0.2823529411764706 0.061283345349675555 0.2726161304492794 0.10070841458297336 0.06176212708238097 72 4161 0.017303532804614274 0.27906976744186046
22 8 512 0 0.0 0.004085556356645037 0 0 0 72 4161 0.017303532804614274 0.27906976744186046
12 8 512 72 0.27906976744186046 0.06200432588320115 0.2697208392419083 0.10146494936584406 0.062485537420463304 72 4161 0.017303532804614274 0.27906976744186046
1 8 8 0 0.0 0.0007209805335255948 0 0 0 18 4161 0.004325883201153569 0.27692307692307694
21 8 8 18 0.2857142857142857 0.01514059120403749 0.24276067299988555 0.02875727490585416 0.015283897862344036 18 4161 0.004325883201153569 0.27692307692307694
22 8 8 0 0.0 0.004085556356645037 0 0 0 18 4161 0.004325883201153569 0.27692307692307694
12 8 8 18 0.27692307692307694 0.015621244893054553 0.23757634731140856 0.029574207246944626 0.015768562287956072 18 4161 0.004325883201153569 0.27692307692307694
1 8 64 0 0 0.0 0 0 0 71 4161 0.017063205960105743 0.28286852589641437
21 8 64 71 0.28063241106719367 0.06080269166065849 0.27093388902071897 0.09994992210104607 0.06127795185946726 71 4161 0.017063205960105743 0.28286852589641437
22 8 64 0 0.0 0.004085556356645037 0 0 0 71 4161 0.017063205960105743 0.28286852589641437
12 8 64 71 0.28286852589641437 0.06032203797164143 0.27290008946967276 0.09943866619051869 0.06079561101274361 71 4161 0.017063205960105743 0.28286852589641437
1 8 256 0 0.0 0.004806536890170632 0 0 0 70 4161 0.01682287911559721 0.24561403508771928
21 8 256 71 0.26394052044609667 0.064647921172795 0.2561230910421799 0.10385761517379387 0.06513486317163862 70 4161 0.01682287911559721 0.24561403508771928
22 8 256 0 0.0 0.004085556356645037 0 0 0 70 4161 0.01682287911559721 0.24561403508771928
12 8 256 70 0.24561403508771928 0.0684931506849315 0.23948241989025132 0.10711553175210406 0.06898570522515489 70 4161 0.01682287911559721 0.24561403508771928
1 8 32 0 0.0 0.0019226147560682527 0 0 0 72 4161 0.017303532804614274 0.2727272727272727
21 8 32 73 0.28185328185328185 0.06224465272770968 0.2723398508211738 0.10197015376152133 0.06272856909582729 72 4161 0.017303532804614274 0.2727272727272727
22 8 32 0 0.0 0.004085556356645037 0 0 0 72 4161 0.017303532804614274 0.2727272727272727
12 8 32 72 0.2727272727272727 0.06344628695025234 0.2641019799724646 0.10294404367323065 0.06393202067768325 72 4161 0.017303532804614274 0.2727272727272727
1 8 2 0 0 0.0 0 0 0 101 4161 0.02427301129536169 0.2853107344632768
21 8 2 101 0.28450704225352114 0.08531602980052871 0.2780788958654774 0.13126823678439498 0.0859115643635997 101 4161 0.02427301129536169 0.2853107344632768
22 8 2 0 0.0 0.004085556356645037 0 0 0 101 4161 0.02427301129536169 0.2853107344632768
12 8 2 101 0.2853107344632768 0.08507570295602018 0.2788135234002279 0.13106857510488895 0.08567100094573335 101 4161 0.02427301129536169 0.2853107344632768
1 8 128 0 0.0 0.007209805335255948 0 0 0 72 4161 0.017303532804614274 0.2553191489361702
21 8 128 72 0.27906976744186046 0.06200432588320115 0.2697208392419083 0.10146494936584406 0.062485537420463304 72 4161 0.017303532804614274 0.2553191489361702
22 8 128 0 0.0 0.004085556356645037 0 0 0 72 4161 0.017303532804614274 0.2553191489361702
12 8 128 72 0.2553191489361702 0.06777217015140591 0.2485101779061347 0.10711233501092014 0.06826867878941861 72 4161 0.017303532804614274 0.2553191489361702
1 8 1024 1 0.06666666666666667 0.003604902667627974 0.05682457522223472 0.006839945280437756 0.0036389839668528193 68 4161 0.016342225426580148 0.26666666666666666
21 8 1024 67 0.2757201646090535 0.058399423215573176 0.2659224181301544 0.09638404432920114 0.05885875057435729 68 4161 0.016342225426580148 0.26666666666666666
22 8 1024 0 0.0 0.004085556356645037 0 0 0 68 4161 0.016342225426580148 0.26666666666666666
12 8 1024 68 0.26666666666666666 0.061283345349675555 0.25810233900547175 0.09966290488055107 0.06175425976711774 68 4161 0.016342225426580148 0.26666666666666666
1 8 16 8 0.10666666666666667 0.01802451333813987 0.10171403250820764 0.03083802328270758 0.018174047999280234 80 4161 0.019226147560682527 0.2476780185758514
21 8 16 73 0.2796934865900383 0.06272530641672674 0.27043180908880493 0.10247019151648139 0.06321080012656922 80 4161 0.019226147560682527 0.2476780185758514
22 8 16 0 0.0 0.004085556356645037 0 0 0 80 4161 0.019226147560682527 0.2476780185758514
12 8 16 80 0.2476780185758514 0.0776255707762557 0.24241996399703505 0.1182043370561905 0.07815687249607536 80 4161 0.019226147560682527 0.2476780185758514
1 3 4 3 0.02654867256637168 0.02715693342946407 0.026554561367723942 0.026849358466656106 0.02715077446198423 118 4161 0.028358567652006728 0.24532224532224534
21 3 4 118 0.3064935064935065 0.09252583513578466 0.29963304269214 0.14214131844442393 0.09316982762252903 118 4161 0.028358567652006728 0.24532224532224534
22 3 4 0 0.0 0.003604902667627974 0 0 0 118 4161 0.028358567652006728 0.24532224532224534
12 3 4 118 0.24532224532224534 0.1155972122086037 0.2426264114196335 0.157146238919983 0.11620561697301224 118 4161 0.028358567652006728 0.24532224532224534
1 3 512 0 0.0 0.0021629416005767843 0 0 0 95 4161 0.0228310502283105 0.3333333333333333
21 3 512 95 0.34172661870503596 0.06681086277337178 0.32834935334229065 0.1117696723722383 0.06734730090683454 95 4161 0.0228310502283105 0.3333333333333333
22 3 512 0 0.0 0.004085556356645037 0 0 0 95 4161 0.0228310502283105 0.3333333333333333
12 3 512 95 0.3333333333333333 0.0684931506849315 0.32104259376986655 0.11363636363636363 0.06903622693096378 95 4161 0.0228310502283105 0.3333333333333333
1 3 8 0 0.0 0.013938956981494832 0 0 0 102 4161 0.024513338139870222 0.27055702917771884
21 3 8 102 0.3090909090909091 0.07930785868781542 0.3004713806856418 0.12622768233824969 0.0798959368852979 102 4161 0.024513338139870222 0.27055702917771884
22 3 8 0 0.0 0.004085556356645037 0 0 0 102 4161 0.024513338139870222 0.27055702917771884
12 3 8 102 0.27055702917771884 0.09060322037971641 0.2653391105285516 0.13574770850285323 0.0912038322829978 102 4161 0.024513338139870222 0.27055702917771884
1 3 64 2 0.02666666666666667 0.01802451333813987 0.026540672924309158 0.021510002151000213 0.01808253513561901 45 4161 0.010814708002883922 0.19148936170212766
21 3 64 44 0.2573099415204678 0.0410958904109589 0.24457000293513356 0.0708724832214765 0.04144066295113968 45 4161 0.010814708002883922 0.19148936170212766
22 3 64 0 0.0 0.004085556356645037 0 0 0 45 4161 0.010814708002883922 0.19148936170212766
12 3 64 45 0.19148936170212766 0.056476808459504924 0.18706176895815838 0.08722728584979585 0.05687383601197568 45 4161 0.010814708002883922 0.19148936170212766
1 3 256 1 0.02702702702702703 0.008892093246815669 0.026492084984510243 0.013381555153707052 0.008951562870536495 71 4161 0.017063205960105743 0.2862903225806452
21 3 256 71 0.3242009132420091 0.05263157894736842 0.3084433739085552 0.09056122448979592 0.05307173676536978 71 4161 0.017063205960105743 0.2862903225806452
22 3 256 0 0.0 0.004085556356645037 0 0 0 71 4161 0.017063205960105743 0.2862903225806452
12 3 256 71 0.2862903225806452 0.059601057438115834 0.27590050064917926 0.09866222141286228 0.0600720077187994 71 4161 0.017063205960105743 0.2862903225806452
1 3 32 13 0.04961832061068702 0.06296563326123528 0.04972267804563798 0.05550078623397997 0.0627983783696949 38 4161 0.0091324200913242 0.11078717201166181
21 3 32 28 0.3010752688172043 0.022350396539293438 0.2679864032084515 0.04161173566001102 0.02255715514515308 38 4161 0.0091324200913242 0.11078717201166181
22 3 32 0 0.0 0.004085556356645037 0 0 0 38 4161 0.0091324200913242 0.11078717201166181
12 3 32 38 0.11078717201166181 0.08243210766642634 0.1104111391931137 0.09452907708318978 0.08264152765108196 38 4161 0.0091324200913242 0.11078717201166181
1 3 2 6 0.031746031746031744 0.04542177361211247 0.03184095037455526 0.03737208957437342 0.04522886316545178 110 4161 0.026435952895938475 0.2391304347826087
21 3 2 105 0.347682119205298 0.07257870704157654 0.3351059739121018 0.12008884529519474 0.07315178961513237 110 4161 0.026435952895938475 0.2391304347826087
22 3 2 0 0.0 0.004085556356645037 0 0 0 110 4161 0.026435952895938475 0.2391304347826087
12 3 2 110 0.2391304347826087 0.11055034847392453 0.2364080191657673 0.1512004900569243 0.11114204068495472 110 4161 0.026435952895938475 0.2391304347826087
1 3 128 0 0.0 0.003604902667627974 0 0 0 70 4161 0.01682287911559721 0.2845528455284553
21 3 128 70 0.2966101694915254 0.056717135304013455 0.28468810944450224 0.0952254687779206 0.05717497793898138 70 4161 0.01682287911559721 0.2845528455284553
22 3 128 0 0.0 0.004085556356645037 0 0 0 70 4161 0.01682287911559721 0.2845528455284553
12 3 128 70 0.2845528455284553 0.05912040374909877 0.27420079553892795 0.09790042810117515 0.059587804594265575 70 4161 0.01682287911559721 0.2845528455284553
1 3 1024 1 0.019230769230769232 0.012496995914443643 0.01912871820833986 0.015149308084486526 0.012540472392813822 39 4161 0.009372746935832732 0.20103092783505155
21 3 1024 38 0.25333333333333335 0.03604902667627974 0.23906635804391646 0.06311663289373151 0.036357780261836635 39 4161 0.009372746935832732 0.20103092783505155
22 3 1024 0 0.0 0.004085556356645037 0 0 0 39 4161 0.009372746935832732 0.20103092783505155
12 3 1024 39 0.20103092783505155 0.04662340783465513 0.1946483832028445 0.07569216917189805 0.046980683575382945 39 4161 0.009372746935832732 0.20103092783505155
1 3 16 12 0.057692307692307696 0.04998798365777457 0.05760440478464613 0.05356453066655221 0.05005416498559307 68 4161 0.016342225426580148 0.17941952506596306
21 3 16 59 0.3172043010752688 0.044700793078586876 0.2991482818677719 0.0783591281529481 0.04508426774337778 68 4161 0.016342225426580148 0.17941952506596306
22 3 16 0 0.0 0.004085556356645037 0 0 0 68 4161 0.016342225426580148 0.17941952506596306
12 3 16 68 0.17941952506596306 0.09108387406873347 0.17771307911327933 0.1208282445163846 0.09153005257918323 68 4161 0.016342225426580148 0.17941952506596306
1 5 4 5 0.11363636363636363 0.01057438115837539 0.10363564282549381 0.01934831361857438 0.01067019586676373 39 4161 0.009372746935832732 0.2565789473684211
21 5 4 35 0.3153153153153153 0.026676279740447006 0.28480440723361167 0.04919091392539694 0.026920267475842356 39 4161 0.009372746935832732 0.2565789473684211
22 5 4 0 0.0 0.004085556356645037 0 0 0 39 4161 0.009372746935832732 0.2565789473684211
12 5 4 39 0.2565789473684211 0.0365296803652968 0.2421373740788837 0.06395408424720712 0.036842523698843464 39 4161 0.009372746935832732 0.2565789473684211
1 5 512 0 0.0 0.0002403268445085316 0 0 0 102 4161 0.024513338139870222 0.33663366336633666
21 5 512 102 0.33663366336633666 0.07281903388608507 0.3249767160330492 0.11973709444027963 0.07338847367996748 102 4161 0.024513338139870222 0.33663366336633666
22 5 512 0 0.0 0.004085556356645037 0 0 0 102 4161 0.024513338139870222 0.33663366336633666
12 5 512 102 0.33663366336633666 0.07281903388608507 0.3249767160330492 0.11973709444027963 0.07338847367996748 102 4161 0.024513338139870222 0.33663366336633666
1 5 8 0 0 0.0 0 0 0 90 4161 0.021629416005767843 0.3488372093023256
21 5 8 90 0.3474903474903475 0.06224465272770968 0.33240805976344806 0.105577585484554 0.06275468911584875 90 4161 0.021629416005767843 0.3488372093023256
22 5 8 0 0.0 0.004085556356645037 0 0 0 90 4161 0.021629416005767843 0.3488372093023256
12 5 8 90 0.3488372093023256 0.06200432588320115 0.33355947824528615 0.10529322940048157 0.0625132544988528 90 4161 0.021629416005767843 0.3488372093023256
1 5 64 1 0.014925373134328358 0.016101898582071617 0.014936178571980374 0.015491329479768785 0.016089341376022675 114 4161 0.0273972602739726 0.29081632653061223
21 5 64 113 0.33933933933933935 0.08002883922134102 0.3287912814612704 0.1295135626297149 0.08063895097047032 114 4161 0.0273972602739726 0.29081632653061223
22 5 64 0 0.0 0.004085556356645037 0 0 0 114 4161 0.0273972602739726 0.29081632653061223
12 5 64 114 0.29081632653061223 0.09420812304734438 0.28492886134081746 0.14231439226264214 0.09484296644287855 114 4161 0.0273972602739726 0.29081632653061223
1 5 256 1 0.08333333333333333 0.002883922134102379 0.06529820591562954 0.005574912891986063 0.0029117536829359704 73 4161 0.017543859649122806 0.3173913043478261
21 5 256 72 0.32727272727272727 0.05287190579187695 0.3112776267065557 0.091036575553461 0.053314493661605726 73 4161 0.017543859649122806 0.3173913043478261
22 5 256 0 0.0 0.004085556356645037 0 0 0 73 4161 0.017543859649122806 0.3173913043478261
12 5 256 73 0.3173913043478261 0.055275174236962266 0.3031578262393781 0.09415314044743771 0.055730868076323936 73 4161 0.017543859649122806 0.3173913043478261
1 5 32 0 0.0 0.0019226147560682527 0 0 0 133 4161 0.0319634703196347 0.31894484412470026
21 5 32 133 0.32281553398058255 0.09901465993751501 0.31574937500759503 0.1515466212731122 0.09969900764251523 133 4161 0.0319634703196347 0.31894484412470026
22 5 32 0 0.0 0.004085556356645037 0 0 0 133 4161 0.0319634703196347 0.31894484412470026
12 5 32 133 0.31894484412470026 0.10021629416005767 0.3121983770988723 0.15251161140764083 0.10090141276471201 133 4161 0.0319634703196347 0.31894484412470026
1 5 2 1 0.05263157894736842 0.0045662100456621 0.04766399244926852 0.008403361344537815 0.004607874446826954 132 4161 0.03172314347512617 0.3492063492063492
21 5 2 131 0.36187845303867405 0.08699831771208844 0.35090114349318957 0.14027376189666263 0.08765756547054487 132 4161 0.03172314347512617 0.3492063492063492
22 5 2 0 0.0 0.004085556356645037 0 0 0 132 4161 0.03172314347512617 0.3492063492063492
12 5 2 132 0.3492063492063492 0.09084354722422494 0.33964241781651167 0.14417975657963175 0.0915139157556308 132 4161 0.03172314347512617 0.3492063492063492
1 5 128 0 0.0 0.0033645758231194423 0 0 0 114 4161 0.0273972602739726 0.31232876712328766
21 5 128 114 0.3211267605633803 0.08531602980052871 0.3125728864144235 0.1348148419581631 0.08594086489208427 114 4161 0.0273972602739726 0.31232876712328766
22 5 128 0 0.0 0.004085556356645037 0 0 0 114 4161 0.0273972602739726 0.31232876712328766
12 5 128 114 0.31232876712328766 0.08771929824561403 0.30460639795130107 0.13696984260482997 0.08834835986955687 114 4161 0.0273972602739726 0.31232876712328766
1 5 1024 1 0.3333333333333333 0.0007209805335255948 0.05986959098992293 0.0014388489208633094 0.0007281745888697434 72 4161 0.017303532804614274 0.32142857142857145
21 5 1024 72 0.32286995515695066 0.053592886325402544 0.3075691722244434 0.09192690963325995 0.054039116157727586 72 4161 0.017303532804614274 0.32142857142857145
22 5 1024 0 0.0 0.004085556356645037 0 0 0 72 4161 0.017303532804614274 0.32142857142857145
12 5 1024 72 0.32142857142857145 0.053833213169911076 0.3063511718215178 0.09222112943436792 0.05428063549205422 72 4161 0.017303532804614274 0.32142857142857145
1 5 16 0 0.0 0.0019226147560682527 0 0 0 64 4161 0.015380918048546022 0.3047619047619048
21 5 16 64 0.31527093596059114 0.04878634943523191 0.2990952779948231 0.084497240767057 0.04919808175052356 64 4161 0.015380918048546022 0.3047619047619048
22 5 16 0 0.0 0.004085556356645037 0 0 0 64 4161 0.015380918048546022 0.3047619047619048
12 5 16 64 0.3047619047619048 0.050468637346791634 0.2902805292384755 0.08659682220589941 0.05088905134116853 64 4161 0.015380918048546022 0.3047619047619048
1 7 4 2 0.125 0.0038452295121365054 0.09527740109663345 0.007460946607600839 0.0038824874828219144 86 4161 0.020668108627733717 0.32209737827715357
21 7 4 85 0.33203125 0.06152367219418409 0.3181800084982739 0.10381159340777299 0.06202398168811478 86 4161 0.020668108627733717 0.32209737827715357
22 7 4 0 0.0 0.004085556356645037 0 0 0 86 4161 0.020668108627733717 0.32209737827715357
12 7 4 86 0.32209737827715357 0.06416726748377793 0.3097690238188928 0.10701527491348875 0.06468008644270401 86 4161 0.020668108627733717 0.32209737827715357
1 7 512 1 0.05263157894736842 0.0045662100456621 0.04766399244926852 0.008403361344537815 0.004607874446826954 80 4161 0.019226147560682527 0.26666666666666666
21 7 512 79 0.2762237762237762 0.06873347752944003 0.26820738620637047 0.11007636748961669 0.06924849947028702 80 4161 0.019226147560682527 0.26666666666666666
22 7 512 0 0.0 0.004085556356645037 0 0 0 80 4161 0.019226147560682527 0.26666666666666666
12 7 512 80 0.26666666666666666 0.07209805335255948 0.25972690102090673 0.11350737797956867 0.07262268560129426 80 4161 0.019226147560682527 0.26666666666666666
1 7 8 5 0.05952380952380952 0.020187454938716654 0.05839717512957647 0.030149671583934532 0.020320412961376846 75 4161 0.01802451333813987 0.2669039145907473
21 7 8 71 0.3497536945812808 0.04878634943523191 0.329620447380416 0.08562856463878327 0.04920557718620367 75 4161 0.01802451333813987 0.2669039145907473
22 7 8 0 0.0 0.004085556356645037 0 0 0 75 4161 0.01802451333813987 0.2669039145907473
12 7 8 75 0.2669039145907473 0.06753184330689738 0.2593237839105525 0.10779058705592322 0.06803502000433988 75 4161 0.01802451333813987 0.2669039145907473
1 7 64 0 0.0 0.0004806536890170632 0 0 0 54 4161 0.012977649603460706 0.3253012048192771
21 7 64 54 0.32727272727272727 0.03965392934390771 0.3053446770046356 0.07073702261441177 0.040002000300045006 54 4161 0.012977649603460706 0.3253012048192771
22 7 64 0 0.0 0.004085556356645037 0 0 0 54 4161 0.012977649603460706 0.3253012048192771
12 7 64 54 0.3253012048192771 0.039894256188416244 0.3037834522365915 0.07107234886025768 0.040243844545013105 54 4161 0.012977649603460706 0.3253012048192771
1 7 256 0 0.0 0.0004806536890170632 0 0 0 70 4161 0.01682287911559721 0.29535864978902954
21 7 256 70 0.2966101694915254 0.056717135304013455 0.28468810944450224 0.0952254687779206 0.05717497793898138 70 4161 0.01682287911559721 0.29535864978902954
22 7 256 0 0.0 0.004085556356645037 0 0 0 70 4161 0.01682287911559721 0.29535864978902954
12 7 256 70 0.29535864978902954 0.05695746214852199 0.2836055834547754 0.09549877820279243 0.057416314177531576 70 4161 0.01682287911559721 0.29535864978902954
1 7 32 3 0.1111111111111111 0.006488824801730353 0.09581532623590176 0.01226158038147139 0.006549887952961861 66 4161 0.015861571737563085 0.28695652173913044
21 7 32 65 0.3155339805825243 0.04950732996875751 0.29959471119711395 0.08558617581918881 0.04992407232236806 66 4161 0.015861571737563085 0.28695652173913044
22 7 32 0 0.0 0.004085556356645037 0 0 0 66 4161 0.015861571737563085 0.28695652173913044
12 7 32 66 0.28695652173913044 0.055275174236962266 0.2755225598270216 0.09269493108944023 0.055720593847104365 66 4161 0.015861571737563085 0.28695652173913044
