1 8 2 87 0.20279720279720279 0.10310021629416005 0.20087400119801085 0.13670226793248946 0.10360450277768915 3 4161 0.0007209805335255948 0.005893909626719057
2 8 2 1 0.0056179775280898875 0.04277817832251862 0.005666715312960097 0.009931650160412888 0.04014882175334536 3 4161 0.0007209805335255948 0.005893909626719057
12 8 2 3 0.005893909626719057 0.12232636385484258 0.005949981912058074 0.0112459678013286 0.10231454423267906 3 4161 0.0007209805335255948 0.005893909626719057
1 8 4 83 0.2881944444444444 0.0692141312184571 0.2794409985551687 0.11162087007683741 0.06973878459044339 4 4161 0.0009613073780341264 0.00881057268722467
2 8 4 4 0.015209125475285171 0.06320596010574381 0.015324342068067931 0.024518429608567465 0.06129089756450421 4 4161 0.0009613073780341264 0.00881057268722467
12 8 4 4 0.00881057268722467 0.10910838740687334 0.008891498471707046 0.01630454300592566 0.09805636519548616 4 4161 0.0009613073780341264 0.00881057268722467
1 8 8 87 0.3283018867924528 0.06368661379476087 0.31532978437152276 0.10667882063336356 0.06419894171433456 2 4161 0.0004806536890170632 0.007782101167315175
2 8 8 1 0.011627906976744186 0.020668108627733717 0.011678482738406557 0.014882755040235354 0.020510229140298843 2 4161 0.0004806536890170632 0.007782101167315175
12 8 8 2 0.007782101167315175 0.06176399903869262 0.007850031346293833 0.013822592139409179 0.057794664953704375 2 4161 0.0004806536890170632 0.007782101167315175
1 8 16 29 0.6744186046511628 0.010334054313866858 0.41217204624814696 0.02035619255946065 0.010435795789605035 9 4161 0.0021629416005767843 0.011688311688311689
2 8 16 58 0.07196029776674938 0.19370343667387646 0.07241089624224471 0.10493684439725513 0.190512243742151 9 4161 0.0021629416005767843 0.011688311688311689
12 8 16 9 0.011688311688311689 0.18505167027156932 0.011797743064934411 0.0219878194460529 0.1613559869058048 9 4161 0.0021629416005767843 0.011688311688311689
1 8 32 44 0.2875816993464052 0.03677000720980533 0.2693883954890364 0.0652031788002499 0.037090283888513126 6 4161 0.0014419610670511895 0.008174386920980926
2 8 32 49 0.07195301027900147 0.16366258111031 0.07235443958563409 0.09995955964951696 0.16162296984543123 6 4161 0.0014419610670511895 0.008174386920980926
12 8 32 6 0.008174386920980926 0.1763999038692622 0.008252306664089574 0.015624722824370874 0.1465409658702307 6 4161 0.0014419610670511895 0.008174386920980926
1 8 64 83 0.3360323886639676 0.0593607305936073 0.32120951317065405 0.10089769964466055 0.059848614237598644 0 4161 0.0 0.0
2 8 64 0 0.0 0.01682287911559721 0 0 0 0 4161 0.0 0.0
12 8 64 0 0.0 0.055275174236962266 0 0 0 0 4161 0.0 0.0
1 8 128 63 0.504 0.03004085556356645 0.4359071884198717 0.05670199591025603 0.030323190020558576 1 4161 0.0002403268445085316 0.006289308176100629
2 8 128 9 0.08256880733944955 0.026195626051429943 0.08084621667513905 0.03977295763227245 0.02637390893959482 1 4161 0.0002403268445085316 0.006289308176100629
12 8 128 1 0.006289308176100629 0.03821196827685652 0.006341763349038665 0.010800896678214796 0.03638353259428929 1 4161 0.0002403268445085316 0.006289308176100629
1 8 256 39 0.375 0.024993991828887285 0.3293374998693603 0.046864438603079234 0.025227117710538195 3 4161 0.0007209805335255948 0.004552352048558422
2 8 256 47 0.0715372907153729 0.15789473684210525 0.07192678529038905 0.09846368715083799 0.1560298451863133 3 4161 0.0007209805335255948 0.004552352048558422
12 8 256 3 0.004552352048558422 0.15837539053112232 0.004596554332615656 0.008850310230904908 0.11867303862340059 3 4161 0.0007209805335255948 0.004552352048558422
1 8 512 74 0.33183856502242154 0.053592886325402544 0.3156146003248742 0.09228196833154849 0.05404153654686247 2 4161 0.0004806536890170632 0.009259259259259259
2 8 512 0 0.0 0.016342225426580148 0 0 0 2 4161 0.0004806536890170632 0.009259259259259259
12 8 512 2 0.009259259259259259 0.05191059841384282 0.009335200715801418 0.015715377059914874 0.049646358447800326 2 4161 0.0004806536890170632 0.009259259259259259
1 8 1024 73 0.4451219512195122 0.03941360249939918 0.4039523571058943 0.07241515927766301 0.039772521695472254 6 4161 0.0014419610670511895 0.00881057268722467
2 8 1024 16 0.025889967637540454 0.14852198990627252 0.026103364606517434 0.04409364548494983 0.1418686831666459 6 4161 0.0014419610670511895 0.00881057268722467
12 8 1024 6 0.00881057268722467 0.16366258111031 0.00889389049811916 0.016720991473767564 0.13940394431625064 6 4161 0.0014419610670511895 0.00881057268722467
1 3 2 10 0.5 0.004806536890170632 0.2475186864354858 0.00952154248988336 0.004854135627433075 4 4161 0.0009613073780341264 0.008583690987124463
2 3 2 77 0.14583333333333334 0.12689257390050468 0.14561812690094547 0.1357052376493914 0.12705595967929684 4 4161 0.0009613073780341264 0.008583690987124463
12 3 2 4 0.008583690987124463 0.11199230954097572 0.008662888195070882 0.01594525235243798 0.10005761189143453 4 4161 0.0009613073780341264 0.008583690987124463
1 3 4 83 0.22615803814713897 0.0881999519346311 0.22270902182765737 0.12690708506578452 0.08873588809364509 7 4161 0.0016822879115597211 0.01088646967340591
2 3 4 11 0.02689486552567237 0.09829367940398942 0.02708969205736708 0.04223382085124758 0.09577624562614175 7 4161 0.0016822879115597211 0.01088646967340591
12 3 4 7 0.01088646967340591 0.1545301610189858 0.010987593738458189 0.020340009399515566 0.13667487535886097 7 4161 0.0016822879115597211 0.01088646967340591
1 3 8 74 0.19121447028423771 0.09300648882480173 0.18923606136129625 0.12514338526884328 0.09348185907261616 2 4161 0.0004806536890170632 0.005128205128205128
2 3 8 11 0.11702127659574468 0.02259072338380197 0.11237062486348294 0.03787060266998736 0.02277266843671608 2 4161 0.0004806536890170632 0.005128205128205128
12 3 8 2 0.005128205128205128 0.09372746935832732 0.005176654824362371 0.00972435202154318 0.0800365742151783 2 4161 0.0004806536890170632 0.005128205128205128
1 3 16 81 0.30566037735849055 0.06368661379476087 0.29457883310929306 0.1054102232938669 0.06418973584224112 0 4161 0.0 0.0
2 3 16 6 0.014388489208633094 0.10021629416005767 0.014511539252685187 0.02516406426793392 0.09462761314500825 0 4161 0.0 0.0
12 3 16 0 0.0 0.1362653208363374 0 0 0 0 4161 0.0 0.0
1 3 32 83 0.17659574468085107 0.11295361691900985 0.1756160575605574 0.13778050128650468 0.11335809558882763 1 4161 0.0002403268445085316 0.002232142857142857
2 3 32 0 0.0 0.016342225426580148 0 0 0 1 4161 0.0002403268445085316 0.002232142857142857
12 3 32 1 0.002232142857142857 0.10766642633982215 0.00225399698653435 0.004373611890757328 0.07335879793256854 1 4161 0.0002403268445085316 0.002232142857142857
1 3 64 83 0.23119777158774374 0.08627733717856284 0.22741568098992684 0.12566105211663195 0.08681613403374412 3 4161 0.0007209805335255948 0.008547008547008548
2 3 64 0 0.0 0.01970680124969959 0 0 0 3 4161 0.0007209805335255948 0.008547008547008548
12 3 64 3 0.008547008547008548 0.08435472242249459 0.008623740865964577 0.015521358450517381 0.07754496715642206 3 4161 0.0007209805335255948 0.008547008547008548
1 3 128 83 0.29225352112676056 0.06825282384042297 0.2830558165575095 0.11066173104955412 0.06877473571044201 0 4161 0.0 0.0
2 3 128 4 0.023121387283236993 0.041576544099975965 0.02322345179203228 0.02971678869731389 0.04125054815210033 0 4161 0.0 0.0
12 3 128 0 0.0 0.08531602980052871 0 0 0 0 4161 0.0 0.0
1 3 256 83 0.2785234899328859 0.07161739966354241 0.2707780375455125 0.11393772442401195 0.07214805766359576 2 4161 0.0004806536890170632 0.005934718100890208
2 3 256 0 0.0 0.03148281663061764 0 0 0 2 4161 0.0004806536890170632 0.005934718100890208
12 3 256 2 0.005934718100890208 0.08099014659937515 0.005989676224538333 0.011059060964304174 0.07197740674519885 2 4161 0.0004806536890170632 0.005934718100890208
1 3 512 83 0.3155893536121673 0.06320596010574381 0.30358704993195645 0.10531876911794506 0.06371042103200508 1 4161 0.0002403268445085316 0.002824858757062147
2 3 512 4 0.020618556701030927 0.04662340783465513 0.020733053210321872 0.028592483419307296 0.046048379705247125 1 4161 0.0002403268445085316 0.002824858757062147
12 3 512 1 0.002824858757062147 0.08507570295602018 0.0028521603116077278 0.00546815264487129 0.0660379449443681 1 4161 0.0002403268445085316 0.002824858757062147
1 3 1024 57 0.3931034482758621 0.03484739245373708 0.3567864282120993 0.06401964353490677 0.035164693975771655 1 4161 0.0002403268445085316 0.0036496350364963502
2 3 1024 23 0.10599078341013825 0.052150925258351355 0.10491834601110643 0.06990587707994846 0.05241453787509271 1 4161 0.0002403268445085316 0.0036496350364963502
12 3 1024 1 0.0036496350364963502 0.06584955539533766 0.0036840895230825367 0.006915960977826016 0.05634232942977669 1 4161 0.0002403268445085316 0.0036496350364963502
1 5 2 8 0.14035087719298245 0.0136986301369863 0.12858052196053468 0.0249609984399376 0.013822125665018732 3 4161 0.0007209805335255948 0.005309734513274336
2 5 2 75 0.12626262626262627 0.14275414563806776 0.1264072109884136 0.13400289662827053 0.14256977492254835 3 4161 0.0007209805335255948 0.005309734513274336
12 5 2 3 0.005309734513274336 0.13578466714732035 0.00536073559206216 0.010219831900346088 0.10921356916157636 3 4161 0.0007209805335255948 0.005309734513274336
1 5 4 87 0.18125 0.11535688536409516 0.1802306955980314 0.14098415447487958 0.11577361100817708 4 4161 0.0009613073780341264 0.008849557522123894
2 5 4 2 0.03278688524590164 0.014659937515020427 0.032390345458464545 0.020260732375653904 0.014740627403785764 4 4161 0.0009613073780341264 0.008849557522123894
12 5 4 4 0.008849557522123894 0.10862773371785628 0.00893077747570749 0.01636584173651719 0.09771906091066321 4 4161 0.0009613073780341264 0.008849557522123894
1 5 8 71 0.29707112970711297 0.05743811583753905 0.28528675091314554 0.0962638135650911 0.05790054743172357 3 4161 0.0007209805335255948 0.00663716814159292
2 5 8 18 0.05555555555555555 0.07786589762076424 0.05571360713428368 0.06484539177424196 0.07755752111714684 3 4161 0.0007209805335255948 0.00663716814159292
12 5 8 3 0.00663716814159292 0.10862773371785628 0.0066994464528315305 0.012509975229141969 0.09428309436019726 3 4161 0.0007209805335255948 0.00663716814159292
1 5 16 80 0.3088803088803089 0.06224465272770968 0.29721998926285825 0.10361010198494353 0.06274066610721167 2 4161 0.0004806536890170632 0.005494505494505495
2 5 16 3 0.015625 0.046142754145638065 0.01572799139632154 0.0233448841874886 0.045267374436258716 2 4161 0.0004806536890170632 0.005494505494505495
12 5 16 2 0.005494505494505495 0.0874789714011055 0.0055459671583525695 0.010339587268673041 0.07621882955874182 2 4161 0.0004806536890170632 0.005494505494505495
1 5 32 72 0.3076923076923077 0.05623648161499639 0.2946478662527584 0.09509295946357817 0.05669522538115269 7 4161 0.0016822879115597211 0.009735744089012517
2 5 32 17 0.028523489932885907 0.14323479932708483 0.028751469733499097 0.047573323817416475 0.137749841295823 7 4161 0.0016822879115597211 0.009735744089012517
12 5 32 7 0.009735744089012517 0.1727950012016342 0.009827564410688812 0.018432926561286825 0.14821668963783885 7 4161 0.0016822879115597211 0.009735744089012517
1 5 64 82 0.41 0.04806536890170632 0.381553311732557 0.0860436199180487 0.04848917746383218 2 4161 0.0004806536890170632 0.007434944237918215
2 5 64 1 0.006329113924050633 0.03797164143234799 0.006381767931276222 0.010849785407725321 0.036180690330654956 2 4161 0.0004806536890170632 0.007434944237918215
12 5 64 2 0.007434944237918215 0.064647921172795 0.007500667410043204 0.013336142681853675 0.06007112842583308 2 4161 0.0004806536890170632 0.007434944237918215
1 5 128 54 0.38848920863309355 0.03340543138668589 0.3514967122497559 0.06152080814704014 0.03371049869843643 3 4161 0.0007209805335255948 0.006507592190889371
2 5 128 35 0.08293838862559241 0.10141792838260033 0.08308828628216443 0.09125198088465614 0.10119468844053664 3 4161 0.0007209805335255948 0.006507592190889371
12 5 128 3 0.006507592190889371 0.11079067531843306 0.0065688097434123205 0.012293114789070417 0.09561951806552615 3 4161 0.0007209805335255948 0.006507592190889371
1 5 256 65 0.5508474576271186 0.028358567652006728 0.4658646372375388 0.053940201625238667 0.028627415446262038 5 4161 0.001201634222542658 0.043859649122807015
2 5 256 6 0.09523809523809523 0.01514059120403749 0.09049793062251996 0.026127527216174184 0.015267725065775029 5 4161 0.001201634222542658 0.043859649122807015
12 5 256 5 0.043859649122807015 0.0273972602739726 0.04360025901143967 0.03372681281618887 0.0274994554563276 5 4161 0.001201634222542658 0.043859649122807015
1 5 512 62 0.36046511627906974 0.04133621725546743 0.33486818418956454 0.07416732158878309 0.04170175807572186 4 4161 0.0009613073780341264 0.012121212121212121
2 5 512 15 0.06329113924050633 0.05695746214852199 0.06322153287852497 0.05995749848208865 0.05701395230521008 4 4161 0.0009613073780341264 0.012121212121212121
12 5 512 4 0.012121212121212121 0.07930785868781542 0.01222374178528244 0.021028484037468938 0.07518186432075791 4 4161 0.0009613073780341264 0.012121212121212121
1 5 1024 74 0.38144329896907214 0.04662340783465513 0.3561220715439023 0.083090724931269 0.04703215501126925 8 4161 0.0019226147560682527 0.014388489208633094
2 5 1024 16 0.034782608695652174 0.11055034847392453 0.03502025008649534 0.05291613942252387 0.1082163861876201 8 4161 0.0019226147560682527 0.014388489208633094
12 5 1024 8 0.014388489208633094 0.13362172554674356 0.014516742361946054 0.025979487419106138 0.1234898030091788 8 4161 0.0019226147560682527 0.014388489208633094
1 7 2 71 0.3256880733944954 0.05239125210285989 0.30969301468294 0.09026257089122479 0.052830180262504765 7 4161 0.0016822879115597211 0.01023391812865497
2 7 2 19 0.03298611111111111 0.1384282624369142 0.03323677222056491 0.05327686297418672 0.1341815337238318 7 4161 0.0016822879115597211 0.01023391812865497
12 7 2 7 0.01023391812865497 0.1643835616438356 0.010329826338622032 0.019268264709255647 0.14304984150536185 7 4161 0.0016822879115597211 0.01023391812865497
1 7 4 3 0.25 0.002883922134102379 0.13525276196853028 0.005702066999287241 0.0029124253871218894 2 4161 0.0004806536890170632 0.011494252873563218
2 7 4 76 0.3179916317991632 0.05743811583753905 0.3043234484607361 0.09730097467035571 0.05790789925519687 2 4161 0.0004806536890170632 0.011494252873563218
12 7 4 2 0.011494252873563218 0.0418168709444845 0.01157737254119177 0.018032022384579512 0.04075243832871872 2 4161 0.0004806536890170632 0.011494252873563218
1 7 8 71 0.27413127413127414 0.06224465272770968 0.265193228958364 0.10145319327360197 0.0627246756782743 7 4161 0.0016822879115597211 0.012389380530973451
2 7 8 20 0.04819277108433735 0.09973564047104061 0.048440631190149845 0.0649846346571669 0.09869058095353019 7 4161 0.0016822879115597211 0.012389380530973451
12 7 8 7 0.012389380530973451 0.13578466714732035 0.01250186727580414 0.02270691714128238 0.12359661811459113 7 4161 0.0016822879115597211 0.012389380530973451
1 7 16 67 0.3806818181818182 0.04229752463350156 0.3527415548039961 0.07613562626911542 0.04267308585022627 5 4161 0.001201634222542658 0.00764525993883792
2 7 16 23 0.039792387543252594 0.13890891612593126 0.040075509557739836 0.061863202004713964 0.13556562427304916 5 4161 0.001201634222542658 0.00764525993883792
12 7 16 5 0.00764525993883792 0.15717375630857966 0.007717958362003724 0.014581257064886595 0.1316752624175908 5 4161 0.001201634222542658 0.00764525993883792
1 7 32 83 0.2434017595307918 0.08195145397740927 0.23874488107575892 0.12261829461663099 0.08249322034627088 6 4161 0.0014419610670511895 0.01056338028169014
2 7 32 5 0.014970059880239521 0.08026916606584955 0.015091614879739952 0.025234019084171316 0.07694602692631941 6 4161 0.0014419610670511895 0.01056338028169014
12 7 32 6 0.01056338028169014 0.13650564768084594 0.01066076433735722 0.019609309819039675 0.12209317173803855 6 4161 0.0014419610670511895 0.01056338028169014
1 7 64 59 0.5784313725490197 0.024513338139870222 0.47267942505593363 0.04703344626674951 0.0247479835754476 3 4161 0.0007209805335255948 0.005940594059405941
2 7 64 18 0.03665987780040733 0.11800048065368901 0.03691180059643556 0.05594042642074315 0.1154639425959344 3 4161 0.0007209805335255948 0.005940594059405941
12 7 64 3 0.005940594059405941 0.12136505647680845 0.005997064548308733 0.011326764059392615 0.10178437796218383 3 4161 0.0007209805335255948 0.005940594059405941
1 7 128 83 0.17436974789915966 0.11439557798606104 0.1734693048021683 0.13815459340943703 0.11478647508911517 2 4161 0.0004806536890170632 0.0038684719535783366
