1 8 4 0 0.0 0.006969478490747416 0 0 0 95 4161 0.0228310502283105 0.31666666666666665
2 8 4 97 0.35018050541516244 0.06657053592886325 0.3360073407881145 0.1118735245010888 0.06710866537372161 95 4161 0.0228310502283105 0.31666666666666665
12 8 4 95 0.31666666666666665 0.07209805335255948 0.30637675559947825 0.11745433190121472 0.072653617536819 95 4161 0.0228310502283105 0.31666666666666665
1 8 512 3 0.11538461538461539 0.006248497957221821 0.09837293807674537 0.011855004179648907 0.006307567159016667 105 4161 0.025234318673395817 0.29829545454545453
2 8 512 102 0.31097560975609756 0.07882720499879836 0.30216487394684455 0.1257730175975459 0.07941417516949087 105 4161 0.025234318673395817 0.29829545454545453
12 8 512 105 0.29829545454545453 0.08459504926700312 0.29101670226130893 0.13180958222853056 0.08519937872485953 105 4161 0.025234318673395817 0.29829545454545453
1 8 8 5 0.2 0.00600817111271329 0.15155152751935658 0.011665888940737282 0.006066430416241215 119 4161 0.02859889449651526 0.33055555555555555
2 8 8 116 0.3421828908554572 0.08147080028839221 0.3316741791245198 0.13160708638095572 0.08209005892851262 119 4161 0.02859889449651526 0.33055555555555555
12 8 8 119 0.33055555555555555 0.08651766402307137 0.3215747952142371 0.13714088152391563 0.08715472701453304 119 4161 0.02859889449651526 0.33055555555555555
1 8 64 2 0.06451612903225806 0.007450132179764479 0.05996820593361552 0.013357750727135624 0.0075159542993491054 134 4161 0.03220379716414323 0.29067245119305857
2 8 64 132 0.30205949656750575 0.1050228310502283 0.2965508970917053 0.1558561564721887 0.10570553261784212 134 4161 0.03220379716414323 0.29067245119305857
12 8 64 134 0.29067245119305857 0.11079067531843306 0.2860736937195852 0.16043215447444795 0.11147369673793178 134 4161 0.03220379716414323 0.29067245119305857
1 8 256 0 0.0 0.0033645758231194423 0 0 0 114 4161 0.0273972602739726 0.30563002680965146
2 8 256 114 0.3157894736842105 0.0867579908675799 0.307745763617897 0.13611940298507463 0.08738549343128847 114 4161 0.0273972602739726 0.30563002680965146
12 8 256 114 0.30563002680965146 0.08964191300168228 0.2985088050853901 0.13862486817075617 0.09027355793685314 114 4161 0.0273972602739726 0.30563002680965146
1 8 32 1 0.029411764705882353 0.008171112713290074 0.02867377526907758 0.012789166823396652 0.008229959545219242 87 4161 0.02090843547224225 0.27531645569620256
2 8 32 86 0.3028169014084507 0.06825282384042297 0.29285211776747905 0.1113974394643582 0.06878032600687417 87 4161 0.02090843547224225 0.27531645569620256
12 8 32 87 0.27531645569620256 0.07594328286469598 0.2683414629102169 0.11904828921130292 0.07649172095325482 87 4161 0.02090843547224225 0.27531645569620256
1 8 2 0 0 0.0 0 0 0 237 4161 0.05695746214852199 0.3185483870967742
2 8 2 237 0.31769436997319034 0.17928382600336457 0.3152844135405998 0.2292151350286159 0.1800605322764997 237 4161 0.05695746214852199 0.3185483870967742
12 8 2 237 0.3185483870967742 0.1788031723143475 0.3161023218470751 0.22904306248063735 0.17958319251345245 237 4161 0.05695746214852199 0.3185483870967742
1 8 128 1 0.043478260869565216 0.0055275174236962266 0.04071081824713903 0.009808102345415778 0.0055757040436455445 76 4161 0.0182648401826484 0.24437299035369775
2 8 128 75 0.25951557093425603 0.06945445806296563 0.25266975794002317 0.1095814922294462 0.06996176315243917 76 4161 0.0182648401826484 0.24437299035369775
12 8 128 76 0.24437299035369775 0.07474164864215332 0.239002372367129 0.11447196681494683 0.07525888530573192 76 4161 0.0182648401826484 0.24437299035369775
1 8 1024 0 0.0 0.01057438115837539 0 0 0 114 4161 0.0273972602739726 0.2651162790697674
2 8 1024 114 0.2915601023017903 0.09396779620283585 0.28561377562148643 0.142128548311239 0.09460257663015816 114 4161 0.0273972602739726 0.2651162790697674
12 8 1024 114 0.2651162790697674 0.10334054313866858 0.26106979441535416 0.1487135459170517 0.10396868562356809 114 4161 0.0273972602739726 0.2651162790697674
1 8 16 6 0.06060606060606061 0.023792357606344627 0.05969160234253273 0.034170333937354386 0.023936313463009312 76 4161 0.0182648401826484 0.24516129032258063
2 8 16 70 0.32407407407407407 0.05191059841384282 0.3080815111148769 0.08948704746009481 0.052345856138154234 76 4161 0.0182648401826484 0.24516129032258063
12 8 16 76 0.24516129032258063 0.07450132179764479 0.23972430234380887 0.11427573629273215 0.07501836398200487 76 4161 0.0182648401826484 0.24516129032258063
1 3 4 0 0.0 0.0004806536890170632 0 0 0 234 4161 0.05623648161499639 0.3588957055214724
2 3 4 234 0.35944700460829493 0.15645277577505406 0.35488799660209513 0.21801320238286911 0.15733249865701107 234 4161 0.05623648161499639 0.3588957055214724
12 3 4 234 0.3588957055214724 0.1566931026195626 0.35436808427839583 0.21814469486937887 0.15757207730359374 234 4161 0.05623648161499639 0.3588957055214724
1 3 512 2 0.05 0.009613073780341264 0.04800323190076163 0.016125781092521666 0.009690573278963778 92 4161 0.022110069694784906 0.28134556574923547
2 3 512 91 0.310580204778157 0.07041576544099976 0.3004348388267105 0.11480301399354144 0.07095904242078373 92 4161 0.022110069694784906 0.28134556574923547
12 3 512 92 0.28134556574923547 0.07858687815428983 0.2743375775751482 0.1228567753159323 0.0791516564925579 92 4161 0.022110069694784906 0.28134556574923547
1 3 8 8 0.07920792079207921 0.02427301129536169 0.07747192867205625 0.03715882177102255 0.024440843234248805 120 4161 0.02883922134102379 0.27586206896551724
2 3 8 115 0.323943661971831 0.08531602980052871 0.3152144539242559 0.13506136897475765 0.08594284511341506 120 4161 0.02883922134102379 0.27586206896551724
12 3 8 120 0.27586206896551724 0.10454217736121124 0.2714575667985802 0.15162407685772172 0.10518896934382589 120 4161 0.02883922134102379 0.27586206896551724
1 3 64 1 0.015151515151515152 0.015861571737563085 0.015158233676929058 0.015498414934836209 0.01585421542325475 204 4161 0.049026676279740444 0.33063209076175043
2 3 64 206 0.36395759717314485 0.13602499399182888 0.35801780853577353 0.19803621503462357 0.13687369413673817 204 4161 0.049026676279740444 0.33063209076175043
12 3 64 204 0.33063209076175043 0.148281663061764 0.32665480301221983 0.2047411496885403 0.1490958157564346 204 4161 0.049026676279740444 0.33063209076175043
1 3 256 4 0.047619047619047616 0.020187454938716654 0.04698689085682955 0.028354430379746835 0.020303256561943598 117 4161 0.028118240807498196 0.2903225806451613
2 3 256 114 0.34234234234234234 0.08002883922134102 0.33158157729649457 0.12973072723637874 0.08064061529596978 117 4161 0.028118240807498196 0.2903225806451613
12 3 256 117 0.2903225806451613 0.09685171833693823 0.2846918862963951 0.1452484882463658 0.09749499187335474 117 4161 0.028118240807498196 0.2903225806451613
1 3 32 5 0.033112582781456956 0.03628935352078827 0.03314130744207171 0.034628262165757005 0.036254915487607335 172 4161 0.04133621725546743 0.2833607907742998
2 3 32 173 0.35450819672131145 0.11727950012016342 0.34754773255171045 0.17625107385513733 0.11806171968204673 172 4161 0.04133621725546743 0.2833607907742998
12 3 32 172 0.2833607907742998 0.14587839461667867 0.2807411555174636 0.1926022537658847 0.14658254956316408 172 4161 0.04133621725546743 0.2833607907742998
1 3 2 6 0.05217391304347826 0.027637587118481133 0.05171930126622861 0.03613416773585399 0.02776687617662586 159 4161 0.03821196827685652 0.2906764168190128
2 3 2 157 0.3442982456140351 0.1095890410958904 0.33714894714041577 0.16625852141107947 0.1103337426984 159 4161 0.03821196827685652 0.2906764168190128
12 3 2 159 0.2906764168190128 0.13145878394616678 0.2872320211634765 0.18104137351062854 0.1321756059052793 159 4161 0.03821196827685652 0.2906764168190128
1 3 128 1 0.0196078431372549 0.012256669069935111 0.019492093044376584 0.015084294587400177 0.012302335079209269 185 4161 0.044460466234078344 0.34709193245778613
2 3 128 186 0.3772819472616633 0.11848113434270607 0.36929522195718256 0.18033127006524122 0.11929132475405069 185 4161 0.044460466234078344 0.34709193245778613
12 3 128 185 0.34709193245778613 0.12809420812304734 0.34131438754008275 0.1871286320755612 0.12889944705321743 185 4161 0.044460466234078344 0.34709193245778613
1 3 1024 2 0.05 0.009613073780341264 0.04800323190076163 0.016125781092521666 0.009690573278963778 119 4161 0.02859889449651526 0.34097421203438394
2 3 1024 118 0.36990595611285265 0.07666426339822158 0.35640827524036994 0.1270060851037268 0.07727075976308963 119 4161 0.02859889449651526 0.34097421203438394
12 3 1024 119 0.34097421203438394 0.08387406873347752 0.3309305947910019 0.13463109439834026 0.08450494111320747 119 4161 0.02859889449651526 0.34097421203438394
1 3 16 0 0.0 0.006969478490747416 0 0 0 195 4161 0.04686373467916366 0.34330985915492956
2 3 16 195 0.35977859778597787 0.13025714972362412 0.3536094636921975 0.1912665960282638 0.13108513002745412 195 4161 0.04686373467916366 0.34330985915492956
12 3 16 195 0.34330985915492956 0.13650564768084594 0.3382363590268368 0.19534064244073512 0.13732467864451947 195 4161 0.04686373467916366 0.34330985915492956
1 5 4 1 0.022222222222222223 0.010814708002883922 0.021992538505088043 0.014548981571290007 0.010869955156950672 230 4161 0.055275174236962266 0.34328358208955223
2 5 4 229 0.35893416927899685 0.15332852679644315 0.35423114270885114 0.2148696276894184 0.15420309147253872 230 4161 0.055275174236962266 0.34328358208955223
12 5 4 230 0.34328358208955223 0.16101898582071617 0.33947891499187627 0.2192143278826115 0.16186991624710484 230 4161 0.055275174236962266 0.34328358208955223
1 5 512 1 0.0625 0.0038452295121365054 0.05429925069722119 0.007244736246321032 0.0038812938927264163 182 4161 0.04373948570055275 0.3520309477756286
2 5 512 182 0.35968379446640314 0.12160538332131698 0.352844223615717 0.1817596892645889 0.12240758971137879 182 4161 0.04373948570055275 0.3520309477756286
12 5 512 182 0.3520309477756286 0.12424897861091083 0.34575508104029795 0.1836713381241881 0.12505010527387295 182 4161 0.04373948570055275 0.3520309477756286
1 5 8 3 0.03296703296703297 0.021869742850276375 0.03280223368780953 0.02629551146214602 0.021942875150905507 80 4161 0.019226147560682527 0.2711864406779661
2 5 8 79 0.37089201877934275 0.05118961788031723 0.3492930704192005 0.0899627895040739 0.05163025523168401 80 4161 0.019226147560682527 0.2711864406779661
12 5 8 80 0.2711864406779661 0.07089641913001682 0.2638073882891478 0.11240637763303604 0.07141867309462689 80 4161 0.019226147560682527 0.2711864406779661
1 5 64 4 0.05263157894736842 0.0182648401826484 0.05166901138252974 0.02711864406779661 0.018383691299599565 183 4161 0.04397981254506128 0.313893653516295
2 5 64 181 0.34541984732824427 0.12593126652247055 0.339560169653112 0.1845722119999961 0.126728559182595 183 4161 0.04397981254506128 0.313893653516295
12 5 64 183 0.313893653516295 0.14011055034847392 0.31008565291821555 0.193741873624418 0.14088280696009053 183 4161 0.04397981254506128 0.313893653516295
1 5 256 2 0.09523809523809523 0.005046863734679163 0.08092022433329518 0.009585758301951387 0.005094632620781346 195 4161 0.04686373467916366 0.34210526315789475
2 5 256 194 0.3508137432188065 0.13290074501321797 0.3452094985958707 0.19277242658190205 0.1337231614836571 195 4161 0.04686373467916366 0.34210526315789475
12 5 256 195 0.34210526315789475 0.136986301369863 0.3371074995506946 0.19563581640331074 0.13780436607892527 195 4161 0.04686373467916366 0.34210526315789475
1 5 32 0 0.0 0.0014419610670511895 0 0 0 188 4161 0.04518144676760394 0.352059925093633
2 5 32 188 0.3540489642184557 0.12761355443403027 0.34793636411822776 0.18760623888279684 0.1284267879351707 188 4161 0.04518144676760394 0.352059925093633
12 5 32 188 0.352059925093633 0.12833453496755587 0.3460863432110487 0.18810144797193992 0.12914710722529954 188 4161 0.04518144676760394 0.352059925093633
1 5 2 0 0.0 0.0067291516462388845 0 0 0 139 4161 0.03340543138668589 0.3278301886792453
2 5 2 139 0.351010101010101 0.09516943042537851 0.34190966667300127 0.14973986493379307 0.0958612160459584 139 4161 0.03340543138668589 0.3278301886792453
12 5 2 139 0.3278301886792453 0.1018985820716174 0.3207880327952516 0.15547216598189023 0.10259866320739905 139 4161 0.03340543138668589 0.3278301886792453
1 5 128 0 0.0 0.005767844268204758 0 0 0 133 4161 0.0319634703196347 0.3604336043360434
2 5 128 133 0.382183908045977 0.083633741888969 0.36913716271710584 0.13723597774407464 0.08428563608602324 133 4161 0.0319634703196347 0.3604336043360434
12 5 128 133 0.3604336043360434 0.08868060562364816 0.34981985619406963 0.14234005342428802 0.08934758207481773 133 4161 0.0319634703196347 0.3604336043360434
1 5 1024 0 0.0 0.0014419610670511895 0 0 0 168 4161 0.04037490987743331 0.35294117647058826
2 5 1024 168 0.35668789808917195 0.11319394376351838 0.3492495001124845 0.17185133061639352 0.11396422081588078 168 4161 0.04037490987743331 0.35294117647058826
12 5 1024 168 0.35294117647058826 0.11439557798606104 0.34580167496637365 0.17278722245749892 0.11516625597079401 168 4161 0.04037490987743331 0.35294117647058826
1 5 16 6 0.061224489795918366 0.023552030761836096 0.06026999104901123 0.03401793462539774 0.023696395026103222 128 4161 0.030761836097092043 0.3004694835680751
2 5 16 125 0.3687315634218289 0.08147080028839221 0.3562932762248459 0.13345489933012727 0.08210410025848008 128 4161 0.030761836097092043 0.3004694835680751
12 5 16 128 0.3004694835680751 0.10237923576063446 0.2948215565908046 0.15272152855966525 0.10305189846330645 128 4161 0.030761836097092043 0.3004694835680751
1 7 4 0 0.0 0.0016822879115597211 0 0 0 214 4161 0.05142994472482576 0.3554817275747508
2 7 4 214 0.35845896147403683 0.14347512617159336 0.3532187172695543 0.2049270850125475 0.1443321801240062 214 4161 0.05142994472482576 0.3554817275747508
12 7 4 214 0.3554817275747508 0.14467676039413602 0.350426305842575 0.20565459134235484 0.14553123349277206 214 4161 0.05142994472482576 0.3554817275747508
1 7 512 2 0.08695652173913043 0.0055275174236962266 0.07588775276861259 0.010394305728166308 0.00557924606924942 103 4161 0.024753664984378754 0.3301282051282051
2 7 512 101 0.3470790378006873 0.06993511175198269 0.3339750714445554 0.11641337024846418 0.07049242330604127 103 4161 0.024753664984378754 0.3301282051282051
12 7 512 103 0.3301282051282051 0.07498197548666186 0.3193684373967762 0.12220707436583404 0.07556017551500332 103 4161 0.024753664984378754 0.3301282051282051
1 7 8 4 0.09523809523809523 0.010093727469358327 0.08789705973767639 0.018252933507170794 0.010183871455631016 144 4161 0.03460706560922855 0.3412322274881517
2 7 8 140 0.36175710594315247 0.09300648882480173 0.35169517669016365 0.14797032400257268 0.09369566542871574 144 4161 0.03460706560922855 0.3412322274881517
12 7 8 144 0.3412322274881517 0.10141792838260033 0.3334260487416491 0.15636305624314906 0.10212857045014478 144 4161 0.03460706560922855 0.3412322274881517
1 7 64 0 0.0 0.003604902667627974 0 0 0 81 4161 0.01946647440519106 0.2967032967032967
2 7 64 81 0.3127413127413127 0.06224465272770968 0.3007575008080037 0.10382508252458415 0.06274222390978865 81 4161 0.01946647440519106 0.2967032967032967
12 7 64 81 0.2967032967032967 0.06560922855082912 0.2867047388420529 0.10745681172097091 0.06611911336010706 81 4161 0.01946647440519106 0.2967032967032967
1 7 256 1 0.05 0.004806536890170632 0.04574171780530332 0.008770006577504933 0.004849939975990395 152 4161 0.0365296803652968 0.3311546840958606
2 7 256 151 0.3424036281179138 0.10598413842826243 0.33500464799211377 0.16186593938686814 0.10671366916871422 152 4161 0.0365296803652968 0.3311546840958606
12 7 256 152 0.3311546840958606 0.110310021629416 0.32471807655577006 0.16549309555916897 0.11104322881503086 152 4161 0.0365296803652968 0.3311546840958606
1 7 32 3 0.037037037037037035 0.01946647440519106 0.03670898003688398 0.02551984877126654 0.01955834152149123 211 4161 0.050708964191300165 0.3271317829457364
2 7 32 211 0.3606837606837607 0.14059120403749098 0.3551785672619607 0.20231995515474563 0.1414457734955424 211 4161 0.050708964191300165 0.3271317829457364
12 7 32 211 0.3271317829457364 0.15501081470800288 0.3235744490686085 0.21034840911409308 0.1558225604183051 211 4161 0.050708964191300165 0.3271317829457364
1 7 2 0 0 0.0 0 0 0 151 4161 0.03628935352078827 0.371007371007371
2 7 2 151 0.371007371007371 0.09781302571497236 0.36102372035101526 0.15481132550758223 0.09853138611962341 151 4161 0.03628935352078827 0.371007371007371
12 7 2 151 0.371007371007371 0.09781302571497236 0.36102372035101526 0.15481132550758223 0.09853138611962341 151 4161 0.03628935352078827 0.371007371007371
1 7 128 1 0.041666666666666664 0.005767844268204758 0.03924806916986448 0.01013299556681444 0.0058174696886789746 169 4161 0.04061523672194184 0.32129277566539927
2 7 128 168 0.33201581027667987 0.12160538332131698 0.32642371216768745 0.17801156756892586 0.12237322827795268 169 4161 0.04061523672194184 0.32129277566539927
12 7 128 169 0.32129277566539927 0.12641192021148762 0.31646238921138975 0.18143761767962566 0.12717566960089394 169 4161 0.04061523672194184 0.32129277566539927
1 7 1024 1 0.045454545454545456 0.005287190579187695 0.04227469035977245 0.009472551130247578 0.005333858237474313 138 4161 0.03316510454217736 0.32779097387173395
2 7 1024 137 0.3407960199004975 0.0966113914924297 0.3324759150332833 0.15054512950669777 0.09730166740065264 138 4161 0.03316510454217736 0.32779097387173395
12 7 1024 138 0.32779097387173395 0.1011776015380918 0.3206796384235972 0.15462719855640827 0.10187492531342668 138 4161 0.03316510454217736 0.32779097387173395
1 7 16 1 0.05 0.004806536890170632 0.04574171780530332 0.008770006577504933 0.004849939975990395 223 4161 0.053592886325402544 0.34520123839009287
2 7 16 222 0.3518225039619651 0.15164623888488343 0.3472836738051168 0.21193990784497804 0.15250535663310325 223 4161 0.053592886325402544 0.34520123839009287
12 7 16 223 0.34520123839009287 0.1552511415525114 0.3410695619215255 0.2141777658507648 0.1561016001095876 223 4161 0.053592886325402544 0.34520123839009287
1 4 4 3 0.057692307692307696 0.012496995914443643 0.055697938723783334 0.020543886218476328 0.012594683949851478 157 4161 0.03773131458783946 0.3210633946830266
2 4 4 155 0.34988713318284426 0.1064647921172795 0.34214181601200405 0.16325409769806135 0.10720323854592337 157 4161 0.03773131458783946 0.3210633946830266
12 4 4 157 0.3210633946830266 0.11751982696467195 0.3156504783134409 0.17206000013446915 0.11826214664273565 157 4161 0.03773131458783946 0.3210633946830266
1 4 512 2 0.11764705882352941 0.004085556356645037 0.09225726720756541 0.007896876088723725 0.0041249794291576235 93 4161 0.022350396539293438 0.3163265306122449
2 4 512 91 0.32616487455197135 0.06705118961788031 0.3141451944326123 0.11123524618175126 0.06758276855766135 93 4161 0.022350396539293438 0.3163265306122449
12 4 512 93 0.3163265306122449 0.07065609228550829 0.3057992001172019 0.11551111195604645 0.07120360967803617 93 4161 0.022350396539293438 0.3163265306122449
1 4 8 6 0.04195804195804196 0.03436673876472002 0.041866478313088866 0.03778487283937025 0.034428412001514475 103 4161 0.024753664984378754 0.2536945812807882
2 4 8 98 0.35251798561151076 0.06681086277337178 0.3381985988998765 0.11233203178150421 0.06735132401147431 103 4161 0.024753664984378754 0.2536945812807882
12 4 8 103 0.2536945812807882 0.09757269887046383 0.2497381916929352 0.14093920147484323 0.09817085393310242 103 4161 0.024753664984378754 0.2536945812807882
1 4 64 4 0.09302325581395349 0.010334054313866858 0.08619457785892906 0.01860163305034337 0.01042581270866479 134 4161 0.03220379716414323 0.29646017699115046
2 4 64 132 0.3173076923076923 0.09997596731554914 0.3106221210906705 0.15204594162047216 0.10065857619885464 134 4161 0.03220379716414323 0.29646017699115046
12 4 64 134 0.29646017699115046 0.10862773371785628 0.29147015333638204 0.1589965847550395 0.10931346908235674 134 4161 0.03220379716414323 0.29646017699115046
1 4 256 2 0.058823529411764705 0.008171112713290074 0.05542195897419345 0.014349018780333404 0.0082413758345773 163 4161 0.03917327565489065 0.3326530612244898
2 4 256 162 0.35064935064935066 0.1110310021629416 0.3433135853779566 0.1686575942563936 0.1117873443005911 163 4161 0.03917327565489065 0.3326530612244898
12 4 256 163 0.3326530612244898 0.11776015380918048 0.32674945722139886 0.1739437225524668 0.11851819747180613 163 4161 0.03917327565489065 0.3326530612244898
1 4 32 2 0.06896551724137931 0.006969478490747416 0.06338317716560991 0.01265960929826476 0.007032066849050647 115 4161 0.027637587118481133 0.28117359413202936
2 4 32 116 0.29743589743589743 0.09372746935832732 0.29117022488707467 0.14253847026352603 0.09436737526254808 115 4161 0.027637587118481133 0.28117359413202936
12 4 32 115 0.28117359413202936 0.09829367940398942 0.2760877139402492 0.14566519458157065 0.09893077044167364 115 4161 0.027637587118481133 0.28117359413202936
1 4 2 0 0 0.0 0 0 0 200 4161 0.04806536890170632 0.35842293906810035
2 4 2 200 0.35778175313059035 0.13434270608026916 0.35198548642001476 0.19533826454706593 0.13517855407646756 200 4161 0.04806536890170632 0.35842293906810035
12 4 2 200 0.35842293906810035 0.13410237923576063 0.3525834725324224 0.19517928161432155 0.1349385363801793 200 4161 0.04806536890170632 0.35842293906810035
1 4 128 3 0.125 0.005767844268204758 0.1037626813920637 0.011026878015161957 0.0058228358940359175 144 4161 0.03460706560922855 0.35294117647058826
2 4 128 143 0.3676092544987147 0.09348714251381879 0.3572380657288685 0.1490653103662654 0.0941824973206572 144 4161 0.03460706560922855 0.35294117647058826
12 4 128 144 0.35294117647058826 0.09805335255948089 0.344085303228931 0.15347000188075982 0.09875951454263088 144 4161 0.03460706560922855 0.35294117647058826
1 4 1024 1 0.16666666666666666 0.0014419610670511895 0.0780827212988017 0.0028591851322373124 0.001456254685968049 135 4161 0.032444124008651765 0.30612244897959184
2 4 1024 135 0.30892448512585813 0.1050228310502283 0.30309810421730704 0.1567548465266559 0.10571367220721976 135 4161 0.032444124008651765 0.30612244897959184
12 4 1024 135 0.30612244897959184 0.10598413842826243 0.30050397716922705 0.15745501285347044 0.10667465630887152 135 4161 0.032444124008651765 0.30612244897959184
1 4 16 0 0.0 0.0026435952895938475 0 0 0 199 4161 0.047825042057197786 0.3712686567164179
2 4 16 199 0.3776091081593928 0.12665224705599615 0.37034354011943454 0.18968355025647332 0.127491156919901 199 4161 0.047825042057197786 0.3712686567164179
12 4 16 199 0.3712686567164179 0.12881518865657293 0.36447647256264276 0.1912680943393689 0.12965349541965915 199 4161 0.047825042057197786 0.3712686567164179
1 6 4 8 0.05442176870748299 0.035328046142754144 0.05413209806999218 0.042843871249795065 0.035451194167637444 94 4161 0.02259072338380197 0.24352331606217617
2 6 4 91 0.3540856031128405 0.06176399903869262 0.33823580582428625 0.10518102091297503 0.062273014719380106 94 4161 0.02259072338380197 0.24352331606217617
12 6 4 94 0.24352331606217617 0.0927661619802932 0.23966697739951529 0.13435284098272637 0.09333826697688037 94 4161 0.02259072338380197 0.24352331606217617
1 6 512 0 0.0 0.0026435952895938475 0 0 0 114 4161 0.0273972602739726 0.3048128342245989
2 6 512 114 0.3131868131868132 0.0874789714011055 0.30538545961316976 0.1367586718299415 0.08810765983847593 114 4161 0.0273972602739726 0.3048128342245989
12 6 512 114 0.3048128342245989 0.08988223984619081 0.297763082360793 0.13882747505006268 0.09051415697514818 114 4161 0.0273972602739726 0.3048128342245989
1 6 8 9 0.05084745762711865 0.04253785147801009 0.05074930236387224 0.04632295210677833 0.04260679106060569 82 4161 0.01970680124969959 0.21578947368421053
2 6 8 75 0.3440366972477064 0.05239125210285989 0.32606538683674025 0.09093462440106896 0.052834705870006694 82 4161 0.01970680124969959 0.21578947368421053
12 6 8 82 0.21578947368421053 0.091324200913242 0.21291637851914885 0.12833555051255965 0.09184873017633358 82 4161 0.01970680124969959 0.21578947368421053
1 6 64 2 0.044444444444444446 0.010814708002883922 0.043116942254603406 0.01739634676717889 0.010896340915220714 153 4161 0.03677000720980533 0.30177514792899407
2 6 64 151 0.32127659574468087 0.11295361691900985 0.3155150926492731 0.16714338368202955 0.11368346761403283 153 4161 0.03677000720980533 0.30177514792899407
12 6 64 153 0.30177514792899407 0.12184571016582552 0.2974265392982253 0.17359866261153295 0.12256927758639113 153 4161 0.03677000720980533 0.30177514792899407
1 6 256 2 0.07407407407407407 0.006488824801730353 0.06714929452611362 0.011932383162081539 0.006547977078478478 150 4161 0.03604902667627974 0.33185840707964603
2 6 256 148 0.34660421545667447 0.10261956260514299 0.3386327183457684 0.15835480989329168 0.10333979873983588 150 4161 0.03604902667627974 0.33185840707964603
12 6 256 150 0.33185840707964603 0.10862773371785628 0.32524086242641137 0.16367836958962115 0.10935605416502235 150 4161 0.03604902667627974 0.33185840707964603
1 6 32 3 0.06818181818181818 0.01057438115837539 0.0646923812250404 0.018309175393577917 0.010663586714828243 109 4161 0.026195626051429943 0.29945054945054944
2 6 32 106 0.3231707317073171 0.07882720499879836 0.31354780665435295 0.1267401804429053 0.07942175298316033 109 4161 0.026195626051429943 0.29945054945054944
12 6 32 109 0.29945054945054944 0.0874789714011055 0.29243468052489247 0.13540257147488674 0.08809640367190946 109 4161 0.026195626051429943 0.29945054945054944
1 6 2 1 0.045454545454545456 0.005287190579187695 0.04227469035977245 0.009472551130247578 0.005333858237474313 148 4161 0.035568372987262675 0.30390143737166325
2 6 2 147 0.31343283582089554 0.11271329007450132 0.308002245423 0.16580249823238274 0.11343250938506003 148 4161 0.035568372987262675 0.30390143737166325
12 6 2 148 0.30390143737166325 0.11703917327565488 0.29917220954428125 0.16899473268956397 0.11775606034354369 148 4161 0.035568372987262675 0.30390143737166325
1 6 128 1 0.027777777777777776 0.008651766402307137 0.02718281113328997 0.013194062671797692 0.008711151999540003 144 4161 0.03460706560922855 0.3150984682713348
2 6 128 144 0.3380281690140845 0.10237923576063446 0.3304963667368227 0.1571593267235416 0.1030907950625389 144 4161 0.03460706560922855 0.3150984682713348
12 6 128 144 0.3150984682713348 0.10982936794039894 0.30937358092623357 0.16288443665048333 0.11054235992070749 144 4161 0.03460706560922855 0.3150984682713348
1 6 1024 2 0.09523809523809523 0.005046863734679163 0.08092022433329518 0.009585758301951387 0.005094632620781346 190 4161 0.045662100456621 0.3448275862068966
2 6 1024 189 0.3532710280373832 0.1285748618120644 0.3472623909561617 0.18853236924488231 0.12938968980081814 190 4161 0.045662100456621 0.3448275862068966
12 6 1024 190 0.3448275862068966 0.1324200913242009 0.33943678294124463 0.19135598812273175 0.13323265450939542 190 4161 0.045662100456621 0.3448275862068966
1 6 16 0 0.0 0.005767844268204758 0 0 0 120 4161 0.02883922134102379 0.3053435114503817
2 6 16 120 0.3225806451612903 0.08940158615717375 0.3144600396715796 0.1400022581009371 0.09004604398480347 120 4161 0.02883922134102379 0.3053435114503817
12 6 16 120 0.3053435114503817 0.09444844989185291 0.2987389787647185 0.14427114164177254 0.09509877611806737 120 4161 0.02883922134102379 0.3053435114503817
1 1 4 0 0.0 0.0091324200913242 0 0 0 273 4161 0.06560922855082912 0.38613861386138615
2 1 4 273 0.40444444444444444 0.16222062004325882 0.3985522818068513 0.23156263783490347 0.16318828628527124 273 4161 0.06560922855082912 0.38613861386138615
12 1 4 273 0.38613861386138615 0.16991107906753183 0.38133383650699254 0.23598332805559594 0.17085836839566246 273 4161 0.06560922855082912 0.38613861386138615
1 1 512 0 0.0 0.0014419610670511895 0 0 0 241 4161 0.05791876952655611 0.45131086142322097
2 1 512 241 0.4555765595463138 0.1271329007450132 0.44421406068899877 0.1987912449459787 0.12804690289148044 241 4161 0.05791876952655611 0.45131086142322097
12 1 512 241 0.45131086142322097 0.12833453496755587 0.4403386890773657 0.19984207547301655 0.12925034467172242 241 4161 0.05791876952655611 0.45131086142322097
1 1 8 4 0.029197080291970802 0.03292477769766883 0.02922984625654329 0.03094908649366052 0.03288321018269704 276 4161 0.06633020908435472 0.360313315926893
2 1 8 277 0.4177978883861237 0.15933669790915644 0.41119392220223605 0.2306932819819039 0.16031865335294382 276 4161 0.06633020908435472 0.360313315926893
12 1 8 276 0.360313315926893 0.1840903628935352 0.35693038162787943 0.24368023826758076 0.1849861400410131 276 4161 0.06633020908435472 0.360313315926893
1 1 64 1 0.017543859649122806 0.0136986301369863 0.01749523644552226 0.015384615384615385 0.013728421911105071 286 4161 0.06873347752944003 0.3818424566088118
2 1 64 285 0.40425531914893614 0.16943042537851477 0.39878304253514824 0.2387828226108348 0.17041050958964157 286 4161 0.06873347752944003 0.3818424566088118
12 1 64 286 0.3818424566088118 0.18000480653689016 0.3776498317878262 0.24466961766303247 0.18095182744073687 286 4161 0.06873347752944003 0.3818424566088118
1 1 256 0 0.0 0.0026435952895938475 0 0 0 270 4161 0.06488824801730353 0.39473684210526316
2 1 256 270 0.39823008849557523 0.16294160057678442 0.39261681474955235 0.23125987743453888 0.16390039441279913 270 4161 0.06488824801730353 0.39473684210526316
12 1 256 270 0.39473684210526316 0.1643835616438356 0.3893350465788628 0.23210831721470018 0.1653388628178544 270 4161 0.06488824801730353 0.39473684210526316
1 1 32 2 0.021739130434782608 0.022110069694784906 0.021742742084560826 0.021923031097343025 0.022106334992339393 289 4161 0.06945445806296563 0.35503685503685506
2 1 32 289 0.3900134952766532 0.1780821917808219 0.38547151200176355 0.24451675886755608 0.1790454827061155 289 4161 0.06945445806296563 0.35503685503685506
12 1 32 289 0.35503685503685506 0.19562605142994471 0.3521953183540946 0.2522576234836807 0.19649959505603812 289 4161 0.06945445806296563 0.35503685503685506
1 1 2 0 0.0 0.001201634222542658 0 0 0 278 4161 0.06681086277337178 0.4088235294117647
2 1 2 278 0.41063515509601184 0.1627012737322759 0.4045316950380869 0.2330598908913266 0.16367975687835917 278 4161 0.06681086277337178 0.4088235294117647
12 1 2 278 0.4088235294117647 0.16342225426580148 0.4028343035614377 0.23350408051592247 0.16439931047665624 278 4161 0.06681086277337178 0.4088235294117647
1 1 128 0 0.0 0.012977649603460706 0 0 0 276 4161 0.06633020908435472 0.375
2 1 128 276 0.39655172413793105 0.167267483777938 0.3912418212400572 0.23528893004387413 0.16823055379709298 276 4161 0.06633020908435472 0.375
12 1 128 276 0.375 0.17688055755827925 0.37088692013577634 0.2403788579826901 0.17781066315416827 276 4161 0.06633020908435472 0.375
1 1 1024 0 0.0 0.0019226147560682527 0 0 0 231 4161 0.0555155010814708 0.4925373134328358
2 1 1024 231 0.49892008639308855 0.11127132900745013 0.48228453933864274 0.18196093776583075 0.11213395626809618 231 4161 0.0555155010814708 0.4925373134328358
12 1 1024 231 0.4925373134328358 0.11271329007450132 0.47663459072762543 0.18344633036222266 0.1135805029280906 231 4161 0.0555155010814708 0.4925373134328358
1 1 16 2 0.05263157894736842 0.0091324200913242 0.05026125901965664 0.01556420233463035 0.009207767344334032 243 4161 0.058399423215573176 0.41256366723259763
2 1 16 244 0.4357142857142857 0.1345830329247777 0.42627085526106884 0.2056462415079119 0.1355103002690442 243 4161 0.058399423215573176 0.41256366723259763
12 1 16 243 0.41256366723259763 0.1415525114155251 0.4048885726647143 0.2107840393978398 0.1424791838289395 243 4161 0.058399423215573176 0.41256366723259763
1 2 4 0 0.0 0.008411439557798606 0 0 0 134 4161 0.03220379716414323 0.3325062034739454
2 2 4 134 0.35924932975871315 0.08964191300168228 0.3488608597064616 0.14348151220821498 0.09031297810996455 134 4161 0.03220379716414323 0.3325062034739454
12 2 4 134 0.3325062034739454 0.09685171833693823 0.32468437311627235 0.15000909743702281 0.09753613428829846 134 4161 0.03220379716414323 0.3325062034739454
1 2 512 1 0.012345679012345678 0.01946647440519106 0.012390554644299754 0.01510912143256855 0.019355937737335592 148 4161 0.035568372987262675 0.30327868852459017
2 2 512 150 0.35799522673031026 0.10069694784907474 0.34916186521087444 0.15718178191871812 0.10141864681481286 148 4161 0.035568372987262675 0.30327868852459017
12 2 512 148 0.30327868852459017 0.11727950012016342 0.29859009093161143 0.16914840299213557 0.11799599824939587 148 4161 0.035568372987262675 0.30327868852459017
1 2 8 6 0.03680981595092025 0.03917327565489065 0.03683181784623094 0.037954788008149797 0.03914838839570397 184 4161 0.04422013938956981 0.2972536348949919
2 2 8 180 0.371900826446281 0.11631819274212929 0.36398233185436935 0.1772107612007697 0.11711507771043105 184 4161 0.04422013938956981 0.2972536348949919
12 2 8 184 0.2972536348949919 0.14876231675078105 0.2943446404769657 0.19828949716439542 0.1495017496850793 184 4161 0.04422013938956981 0.2972536348949919
1 2 64 11 0.04435483870967742 0.059601057438115834 0.04446746224402135 0.05085993940806339 0.059398905360319616 106 4161 0.02547464551790435 0.2324561403508772
2 2 64 101 0.42436974789915966 0.05719778899303052 0.39900957506096063 0.10080833709019615 0.05769200791659403 106 4161 0.02547464551790435 0.2324561403508772
12 2 64 106 0.2324561403508772 0.1095890410958904 0.22990406347808814 0.14895485684173546 0.11016556734341074 106 4161 0.02547464551790435 0.2324561403508772
1 2 256 5 0.032467532467532464 0.037010334054313865 0.03250703789701158 0.034590418004986405 0.03695913347298946 91 4161 0.021869742850276375 0.21064814814814814
2 2 256 91 0.30847457627118646 0.07089641913001682 0.29856843036747216 0.11529475429268417 0.07144119071066507 91 4161 0.021869742850276375 0.21064814814814814
12 2 256 91 0.21064814814814814 0.10382119682768565 0.20852378369240226 0.13908982353721638 0.10434512770039013 91 4161 0.021869742850276375 0.21064814814814814
1 2 32 8 0.03347280334728033 0.05743811583753905 0.03361165512233465 0.042296674003694315 0.057033817386761235 115 4161 0.027637587118481133 0.2178030303030303
2 2 32 115 0.3662420382165605 0.07546262917567892 0.3527828815988214 0.12514057087804598 0.07606053593719603 115 4161 0.027637587118481133 0.2178030303030303
12 2 32 115 0.2178030303030303 0.12689257390050468 0.21626894180837372 0.16035938248961112 0.12741915256515002 115 4161 0.027637587118481133 0.2178030303030303
1 2 2 0 0 0.0 0 0 0 249 4161 0.059841384282624366 0.378419452887538
2 2 2 249 0.37784522003034904 0.15837539053112232 0.3727312107278062 0.22319688241735078 0.15929146764553462 249 4161 0.059841384282624366 0.378419452887538
12 2 2 249 0.378419452887538 0.15813506368661379 0.37327121425553167 0.22305798361257217 0.15905176400914922 249 4161 0.059841384282624366 0.378419452887538
1 2 128 1 0.023255813953488372 0.010334054313866858 0.022971421922025167 0.014309484193011647 0.010391219981385287 180 4161 0.043258832011535686 0.3488372093023256
2 2 128 179 0.37447698744769875 0.1148762316750781 0.3662815998105219 0.1758178080207294 0.1156701590504474 180 4161 0.043258832011535686 0.3488372093023256
12 2 128 180 0.3488372093023256 0.1240086517664023 0.342685805590442 0.18297223502712667 0.12480506691904196 180 4161 0.043258832011535686 0.3488372093023256
1 2 1024 0 0.0 0.012737322758952174 0 0 0 136 4161 0.032684450853160296 0.3333333333333333
2 2 1024 136 0.3746556473829201 0.08723864455659697 0.36282049155062773 0.14152351056739265 0.08790634090654616 136 4161 0.032684450853160296 0.3333333333333333
12 2 1024 136 0.3333333333333333 0.09805335255948089 0.3255979330125395 0.15153203342618385 0.09874342237685826 136 4161 0.032684450853160296 0.3333333333333333
1 2 16 2 0.023529411764705882 0.020427781783225185 0.023494092952866773 0.021869170901138484 0.020454477767519432 165 4161 0.03965392934390771 0.28846153846153844
2 2 16 166 0.33001988071570576 0.12088440278779139 0.3244621171449605 0.17695221645906956 0.12164765837109341 165 4161 0.03965392934390771 0.28846153846153844
12 2 16 165 0.28846153846153844 0.13746695505888007 0.28535817954007736 0.1861999370652893 0.13818311008150852 165 4161 0.03965392934390771 0.28846153846153844
1 9 4 0 0.0 0.006969478490747416 0 0 0 152 4161 0.0365296803652968 0.321353065539112
2 9 4 152 0.3377777777777778 0.10814708002883922 0.3308229025759019 0.16383782929247925 0.10887994742291927 152 4161 0.0365296803652968 0.321353065539112
12 9 4 152 0.321353065539112 0.11367459745253544 0.31564349404999836 0.16794187346195577 0.11440664433948967 152 4161 0.0365296803652968 0.321353065539112
1 9 512 5 0.10638297872340426 0.011295361691900985 0.09819821683457107 0.020422351612062222 0.011396215217776461 209 4161 0.0502283105022831 0.3322734499205087
2 9 512 208 0.348993288590604 0.14323479932708483 0.3440992035416519 0.20310902561145044 0.14407582728973076 209 4161 0.0502283105022831 0.3322734499205087
12 9 512 209 0.3322734499205087 0.15116558519586637 0.32837818229519106 0.20779584126959036 0.1519857918462295 209 4161 0.0502283105022831 0.3322734499205087
1 9 8 0 0 0.0 0 0 0 166 4161 0.039894256188416244 0.36644591611479027
2 9 8 166 0.36644591611479027 0.10886806056236481 0.35805826484023434 0.16786485626747477 0.1096310363972394 166 4161 0.039894256188416244 0.36644591611479027
12 9 8 166 0.36644591611479027 0.10886806056236481 0.35805826484023434 0.16786485626747477 0.1096310363972394 166 4161 0.039894256188416244 0.36644591611479027
1 9 64 6 0.12 0.01201634222542658 0.1101954423455991 0.021845190417243136 0.012124364771317675 221 4161 0.05311223263638548 0.33586626139817627
2 9 64 219 0.3498402555910543 0.15044460466234078 0.34530892761811505 0.21040644292417898 0.15129841004877564 221 4161 0.05311223263638548 0.33586626139817627
12 9 64 221 0.33586626139817627 0.15813506368661379 0.33216990029012355 0.21502870514474562 0.15896794954109414 221 4161 0.05311223263638548 0.33586626139817627
1 9 256 7 0.08139534883720931 0.020668108627733717 0.07909439892185394 0.03296552857103743 0.020821918183511777 168 4161 0.04037490987743331 0.30434782608695654
2 9 256 163 0.33747412008281574 0.11607786589762076 0.33121929585707055 0.1727399586629981 0.11683677186977633 168 4161 0.04037490987743331 0.30434782608695654
12 9 256 168 0.30434782608695654 0.13266041816870944 0.3004973331577768 0.18477871027903306 0.1334055286873982 168 4161 0.04037490987743331 0.30434782608695654
1 9 32 5 0.15151515151515152 0.007930785868781542 0.12848386723719207 0.015072622636338722 0.008005903182616741 191 4161 0.045902427301129534 0.35435992578849723
2 9 32 188 0.3664717348927875 0.1232876712328767 0.35945177357474595 0.18450466168693092 0.12410304302706505 191 4161 0.045902427301129534 0.35435992578849723
12 9 32 191 0.35435992578849723 0.12953616919009853 0.34837340126769156 0.18972018074731495 0.13035501848597156 191 4161 0.045902427301129534 0.35435992578849723
1 9 2 2 0.0625 0.007690459024273011 0.058380448330051835 0.013695698694628718 0.007757817825698731 192 4161 0.046142754145638065 0.3316062176165803
2 9 2 190 0.3460837887067395 0.13193943763518384 0.3406102482679824 0.19104553059503238 0.1327527314283606 192 4161 0.046142754145638065 0.3316062176165803
12 9 2 192 0.3316062176165803 0.1391492429704398 0.32712653539846676 0.19603704262123364 0.13995345998210237 192 4161 0.046142754145638065 0.3316062176165803
1 9 128 4 0.12121212121212122 0.007930785868781542 0.10619384438921811 0.014887497885298594 0.008004856231413116 204 4161 0.049026676279740444 0.34576271186440677
2 9 128 200 0.3546099290780142 0.13554434030281182 0.3490248699520247 0.19612343257735398 0.1363784973025959 204 4161 0.049026676279740444 0.34576271186440677
12 9 128 204 0.34576271186440677 0.14179283826003364 0.34090729357351013 0.20111216564851822 0.1426258762795882 204 4161 0.049026676279740444 0.34576271186440677
1 9 1024 2 0.04878048780487805 0.009853400624849795 0.046944258652549004 0.016395081475557332 0.009931872773213444 171 4161 0.0410958904109589 0.31843575418994413
2 9 1024 169 0.33665338645418325 0.12064407594328286 0.3307893506267795 0.1776315858347824 0.12141540895072138 171 4161 0.0410958904109589 0.31843575418994413
12 9 1024 171 0.31843575418994413 0.12905551550108146 0.31387544739685164 0.18367236723672367 0.1298199369332677 171 4161 0.0410958904109589 0.31843575418994413
1 9 16 3 0.061224489795918366 0.011776015380918048 0.058780678034547056 0.019752754635850578 0.011870942775291616 81 4161 0.01946647440519106 0.31153846153846154
2 9 16 78 0.36792452830188677 0.0509492910358087 0.34657616854099993 0.08950425166846188 0.05138762361870854 81 4161 0.01946647440519106 0.31153846153846154
12 9 16 81 0.31153846153846154 0.06248497957221821 0.29971082314446257 0.10409226944377856 0.06298350393968914 81 4161 0.01946647440519106 0.31153846153846154
1 10 4 2 0.044444444444444446 0.010814708002883922 0.043116942254603406 0.01739634676717889 0.010896340915220714 109 4161 0.026195626051429943 0.2639225181598063
2 10 4 107 0.28609625668449196 0.08988223984619081 0.28004340383211124 0.1367895908925437 0.09049675056808187 109 4161 0.026195626051429943 0.2639225181598063
12 10 4 109 0.2639225181598063 0.09925498678202355 0.2596573622983625 0.1442579768569405 0.09987194201118497 109 4161 0.026195626051429943 0.2639225181598063
1 10 512 2 0.03636363636363636 0.013217976447969237 0.035743930609802396 0.01938838459504715 0.013301804902870484 121 4161 0.029079548185532322 0.2410358565737052
2 10 512 120 0.2643171806167401 0.10910838740687334 0.26064614900724364 0.15445766873252853 0.10974644519949653 121 4161 0.029079548185532322 0.2410358565737052
12 10 512 121 0.2410358565737052 0.12064407594328286 0.23867765338627267 0.1608026631898714 0.121243663847015 121 4161 0.029079548185532322 0.2410358565737052
1 10 8 1 0.022222222222222223 0.010814708002883922 0.021992538505088043 0.014548981571290007 0.010869955156950672 96 4161 0.023071377072819033 0.2615803814713896
2 10 8 96 0.2926829268292683 0.07882720499879836 0.2850268008477614 0.12420321868097192 0.07940162759594843 96 4161 0.023071377072819033 0.2615803814713896
12 10 8 96 0.2615803814713896 0.0881999519346311 0.25658643317203567 0.1319192354136049 0.08878259335904488 96 4161 0.023071377072819033 0.2615803814713896
1 10 64 2 0.15384615384615385 0.0031242489786109107 0.10411545476171595 0.006124131433282299 0.0031548507933380505 97 4161 0.023311703917327564 0.24310776942355888
2 10 64 95 0.2442159383033419 0.09348714251381879 0.240378698423013 0.1352137515184334 0.09406193989786653 97 4161 0.023311703917327564 0.24310776942355888
12 10 64 97 0.24310776942355888 0.0958904109589041 0.23946770211710972 0.13753291472554183 0.09646880754206329 97 4161 0.023311703917327564 0.24310776942355888
1 10 256 4 0.0851063829787234 0.011295361691900985 0.07993466473579632 0.019943775526441415 0.011393194204519475 125 4161 0.03004085556356645 0.2676659528907923
2 10 256 121 0.28337236533957844 0.10261956260514299 0.2785152052576215 0.1506743850337557 0.10327177313297696 125 4161 0.03004085556356645 0.2676659528907923
12 10 256 125 0.2676659528907923 0.11223263638548425 0.26404534008986064 0.1581519721923453 0.11288164872121201 125 4161 0.03004085556356645 0.2676659528907923
1 10 32 0 0.0 0.005046863734679163 0 0 0 118 4161 0.028358567652006728 0.24947145877378435
2 10 32 118 0.25877192982456143 0.1095890410958904 0.25533054465017385 0.15397161963790573 0.11021816130434378 118 4161 0.028358567652006728 0.24947145877378435
12 10 32 118 0.24947145877378435 0.11367459745253544 0.24655524617893243 0.15618271032156333 0.11429056505668926 118 4161 0.028358567652006728 0.24947145877378435
1 10 2 2 0.07407407407407407 0.006488824801730353 0.06714929452611362 0.011932383162081539 0.006547977078478478 100 4161 0.02403268445085316 0.33222591362126247
2 10 2 99 0.3574007220216607 0.06657053592886325 0.34258233218991746 0.11223571013448803 0.06711123787330694 100 4161 0.02403268445085316 0.33222591362126247
12 10 2 100 0.33222591362126247 0.07233838019706801 0.3208142504379393 0.1188077386861285 0.07290302602593186 100 4161 0.02403268445085316 0.33222591362126247
1 10 128 2 0.06666666666666667 0.007209805335255948 0.06163422224934399 0.013012361743656473 0.007274036730284479 107 4161 0.02571497236241288 0.2383073496659243
2 10 128 105 0.24764150943396226 0.1018985820716174 0.24418359331407494 0.14438583319414738 0.10249582200029923 107 4161 0.02571497236241288 0.2383073496659243
12 10 128 107 0.2383073496659243 0.10790675318433068 0.23548973525147163 0.14854953712578922 0.1084945519886381 107 4161 0.02571497236241288 0.2383073496659243
1 10 1024 3 0.0379746835443038 0.018985820716173996 0.03760232365614539 0.02531510361033967 0.019080285140142886 82 4161 0.01970680124969959 0.19759036144578312
2 10 1024 79 0.22965116279069767 0.08267243451093487 0.22567867197037011 0.12157788191609534 0.08319964731382945 82 4161 0.01970680124969959 0.19759036144578312
12 10 1024 82 0.19759036144578312 0.09973564047104061 0.19568938256866347 0.13256022764677355 0.10022709096834065 82 4161 0.01970680124969959 0.19759036144578312
1 10 16 3 0.057692307692307696 0.012496995914443643 0.055697938723783334 0.020543886218476328 0.012594683949851478 100 4161 0.02403268445085316 0.24330900243309003
2 10 16 97 0.26721763085399447 0.08723864455659697 0.2618686019096327 0.13153500465085002 0.08782431063142551 100 4161 0.02403268445085316 0.24330900243309003
12 10 16 100 0.24330900243309003 0.09877433309300648 0.23983429819391966 0.14050777664391534 0.0993587172823348 100 4161 0.02403268445085316 0.24330900243309003
