1 8 4 0 0.0 0.0002403268445085316 0 0 0 246 4161 0.05912040374909877 0.3333333333333333
2 8 4 246 0.33288227334235454 0.17760153809180484 0.33002536177037095 0.23162498956824973 0.17842560545680977 246 4161 0.05912040374909877 0.3333333333333333
12 8 4 246 0.3333333333333333 0.1773612112472963 0.3304560628832112 0.23152941176470584 0.17818672097993377 246 4161 0.05912040374909877 0.3333333333333333
1 8 512 0 0.0 0.0002403268445085316 0 0 0 155 4161 0.037250660898822396 0.2690972222222222
2 8 512 155 0.2681660899653979 0.13890891612593126 0.2657180180924904 0.18301620262318458 0.139575012543656 155 4161 0.037250660898822396 0.2690972222222222
12 8 512 155 0.2690972222222222 0.1384282624369142 0.266605524035662 0.18281389655903213 0.13909700601950328 155 4161 0.037250660898822396 0.2690972222222222
1 8 8 0 0 0.0 0 0 0 0 4161 0.0 0.0
2 8 8 0 0.0 0.002883922134102379 0 0 0 0 4161 0.0 0.0
12 8 8 0 0.0 0.002883922134102379 0 0 0 0 4161 0.0 0.0
1 8 64 2 0.15384615384615385 0.0031242489786109107 0.10411545476171595 0.006124131433282299 0.0031548507933380505 11 4161 0.0026435952895938475 0.2558139534883721
2 8 64 9 0.3 0.007209805335255948 0.21396794011722334 0.014081201595869513 0.007280153772224892 11 4161 0.0026435952895938475 0.2558139534883721
12 8 64 11 0.2558139534883721 0.010334054313866858 0.2071044908115888 0.019865602687946238 0.010433180190476022 11 4161 0.0026435952895938475 0.2558139534883721
1 8 256 0 0.0 0.0002403268445085316 0 0 0 204 4161 0.049026676279740444 0.33497536945812806
2 8 256 204 0.33497536945812806 0.14635904830569574 0.330755055019719 0.20371149234458588 0.14717957471748877 204 4161 0.049026676279740444 0.33497536945812806
12 8 256 204 0.33497536945812806 0.14635904830569574 0.330755055019719 0.20371149234458588 0.14717957471748877 204 4161 0.049026676279740444 0.33497536945812806
1 8 32 0 0.0 0.004325883201153569 0 0 0 34 4161 0.008171112713290074 0.1552511415525114
2 8 32 34 0.16748768472906403 0.04878634943523191 0.1635478256952581 0.07556258655704143 0.049131102280709826 34 4161 0.008171112713290074 0.1552511415525114
12 8 32 34 0.1552511415525114 0.05263157894736842 0.15231083118956798 0.07861271676300578 0.05297829340162607 34 4161 0.008171112713290074 0.1552511415525114
1 8 2 0 0.0 0.006248497957221821 0 0 0 114 4161 0.0273972602739726 0.21509433962264152
2 8 2 114 0.22485207100591717 0.12184571016582552 0.22298565115721022 0.15804693171890188 0.1224008857251176 114 4161 0.0273972602739726 0.21509433962264152
12 8 2 114 0.21509433962264152 0.12737322758952174 0.2136375988058403 0.15999915260296535 0.12788963100659523 114 4161 0.0273972602739726 0.21509433962264152
1 8 128 0 0.0 0.0067291516462388845 0 0 0 60 4161 0.014419610670511895 0.1935483870967742
2 8 128 60 0.21052631578947367 0.0684931506849315 0.2062908496732026 0.10335917312661498 0.0689537463731012 60 4161 0.014419610670511895 0.1935483870967742
12 8 128 60 0.1935483870967742 0.07450132179764479 0.19053395350346766 0.10758907913003239 0.07495780481284488 60 4161 0.014419610670511895 0.1935483870967742
1 8 1024 0 0.0 0.0014419610670511895 0 0 0 101 4161 0.02427301129536169 0.2603092783505155
2 8 1024 101 0.26370757180156656 0.0920451814467676 0.2589264572099138 0.1364600052914719 0.09264227224810767 101 4161 0.02427301129536169 0.2603092783505155
12 8 1024 101 0.2603092783505155 0.09324681566931026 0.255772194298796 0.13730783717731976 0.09384312322241666 101 4161 0.02427301129536169 0.2603092783505155
1 8 16 0 0.0 0.002883922134102379 0 0 0 221 4161 0.05311223263638548 0.3502377179080824
2 8 16 222 0.3552 0.15020427781783224 0.3504642921932999 0.21112824652475295 0.15106749783659915 221 4161 0.05311223263638548 0.3502377179080824
12 8 16 221 0.3502377179080824 0.15164623888488343 0.3457546468905233 0.2116514461859757 0.15250239504607055 221 4161 0.05311223263638548 0.3502377179080824
1 3 4 2 0.038461538461538464 0.012496995914443643 0.037686296740120986 0.018864502085978594 0.012581087166907812 203 4161 0.04878634943523191 0.3248
2 3 4 202 0.3435374149659864 0.14131218457101657 0.3387378913329246 0.20025188279863032 0.1421406189705285 203 4161 0.04878634943523191 0.3248
12 3 4 203 0.3248 0.15020427781783224 0.3211044738487305 0.20541435820054593 0.15100798177681368 203 4161 0.04878634943523191 0.3248
1 3 512 1 0.1 0.002403268445085316 0.07132264670574111 0.0046937338652898375 0.002426717924074964 135 4161 0.032444124008651765 0.3349875930521092
2 3 512 135 0.34005037783375314 0.09540975726988704 0.3316311980265441 0.14901076536399832 0.09609423808787432 135 4161 0.032444124008651765 0.3349875930521092
12 3 512 135 0.3349875930521092 0.09685171833693823 0.3270263860400467 0.15026016924810534 0.09753823267500662 135 4161 0.032444124008651765 0.3349875930521092
1 3 8 0 0.0 0.0014419610670511895 0 0 0 20 4161 0.004806536890170632 0.23255813953488372
2 3 8 20 0.24691358024691357 0.01946647440519106 0.22131147540983606 0.036087813679954554 0.019645650671226395 20 4161 0.004806536890170632 0.23255813953488372
12 3 8 20 0.23255813953488372 0.020668108627733717 0.21112758562018424 0.037962390747770816 0.020856254162966915 20 4161 0.004806536890170632 0.23255813953488372
1 3 64 0 0.0 0.0002403268445085316 0 0 0 10 4161 0.002403268445085316 0.37037037037037035
2 3 64 10 0.38461538461538464 0.006248497957221821 0.24045417086347404 0.012297214208012107 0.0063099578150725795 10 4161 0.002403268445085316 0.37037037037037035
12 3 64 10 0.37037037037037035 0.006488824801730353 0.2381451401624312 0.012754198256926239 0.006552565051688853 10 4161 0.002403268445085316 0.37037037037037035
1 3 256 0 0.0 0.002883922134102379 0 0 0 184 4161 0.04422013938956981 0.36220472440944884
2 3 256 185 0.36779324055666 0.12088440278779139 0.36050280228540216 0.18196235018977427 0.12169327158944933 184 4161 0.04422013938956981 0.36220472440944884
12 3 256 184 0.36220472440944884 0.12208603701033405 0.3552861460609851 0.1826181414649776 0.12289267089040232 184 4161 0.04422013938956981 0.36220472440944884
1 3 32 8 0.0427807486631016 0.04494111992309541 0.042801119940354446 0.04383433200990374 0.04491866118036049 142 4161 0.034126411920211486 0.30603448275862066
2 3 32 136 0.46735395189003437 0.06993511175198269 0.4424593502144566 0.1216643072226654 0.07052892298713062 142 4161 0.034126411920211486 0.30603448275862066
12 3 32 142 0.30603448275862066 0.11151165585195866 0.30083856295587313 0.1634617531550887 0.11221787726906586 142 4161 0.034126411920211486 0.30603448275862066
1 3 2 0 0.0 0.0014419610670511895 0 0 0 94 4161 0.02259072338380197 0.3900414937759336
2 3 2 94 0.4 0.056476808459504924 0.3772790132091367 0.09897862482889333 0.05696115194240287 94 4161 0.02259072338380197 0.3900414937759336
12 3 2 94 0.3900414937759336 0.05791876952655611 0.3690865677920853 0.10086038979107999 0.05841122014253174 94 4161 0.02259072338380197 0.3900414937759336
1 3 128 1 0.029411764705882353 0.008171112713290074 0.02867377526907758 0.012789166823396652 0.008229959545219242 180 4161 0.043258832011535686 0.40358744394618834
2 3 128 180 0.425531914893617 0.10165825522710886 0.4125195527489717 0.16411092035964733 0.10243013536155696 180 4161 0.043258832011535686 0.40358744394618834
12 3 128 180 0.40358744394618834 0.10718577265080509 0.3928319843725322 0.16938567100188207 0.10797087859107288 180 4161 0.043258832011535686 0.40358744394618834
1 3 1024 0 0.0 0.0009613073780341264 0 0 0 121 4161 0.029079548185532322 0.327027027027027
2 3 1024 121 0.33060109289617484 0.08795962509012256 0.32181163632329357 0.138950202137623 0.08860348318618401 121 4161 0.029079548185532322 0.327027027027027
12 3 1024 121 0.327027027027027 0.08892093246815669 0.31858076253457485 0.13982301161339888 0.08956660394176488 121 4161 0.029079548185532322 0.327027027027027
1 3 16 12 0.047058823529411764 0.061283345349675555 0.04716721974375316 0.05323729742425429 0.0611004848538766 109 4161 0.026195626051429943 0.20722433460076045
2 3 16 101 0.34121621621621623 0.07113674597452535 0.32885446643115157 0.1177292927224505 0.07169863614030164 109 4161 0.026195626051429943 0.20722433460076045
12 3 16 109 0.20722433460076045 0.12641192021148762 0.20592096005749977 0.1570310520729912 0.12690190669723966 109 4161 0.026195626051429943 0.20722433460076045
1 5 4 12 0.048 0.0600817111271329 0.04809575722404623 0.053365589867653336 0.059932353581106476 97 4161 0.023311703917327564 0.17896678966789667
2 5 4 90 0.27439024390243905 0.07882720499879836 0.26781186196935386 0.12247082398138044 0.0793874118050779 97 4161 0.023311703917327564 0.17896678966789667
12 5 4 97 0.17896678966789667 0.13025714972362412 0.17830661412987103 0.15077554450149916 0.130609110745852 97 4161 0.023311703917327564 0.17896678966789667
1 5 512 3 0.03571428571428571 0.020187454938716654 0.03544437063682054 0.025794564716720404 0.02027472685039144 116 4161 0.027877913962989664 0.27951807228915665
2 5 512 113 0.3313782991202346 0.08195145397740927 0.321684472346636 0.131405654811637 0.08256677688984039 116 4161 0.027877913962989664 0.27951807228915665
12 5 512 116 0.27951807228915665 0.09973564047104061 0.2746168691008777 0.14701458693756767 0.1003748465234959 116 4161 0.027877913962989664 0.27951807228915665
1 5 8 8 0.045454545454545456 0.04229752463350156 0.04542097960706355 0.04381924561185111 0.04232663129922947 102 4161 0.024513338139870222 0.20318725099601595
2 5 8 95 0.27298850574712646 0.083633741888969 0.2670031533633277 0.12804052680194966 0.08421208413369945 102 4161 0.024513338139870222 0.20318725099601595
12 5 8 102 0.20318725099601595 0.12064407594328286 0.20182009459421807 0.1513957180829832 0.1211312898584548 102 4161 0.024513338139870222 0.20318725099601595
1 5 64 0 0.0 0.017543859649122806 0 0 0 157 4161 0.03773131458783946 0.3442982456140351
2 5 64 158 0.4 0.09492910358086998 0.3876650698176094 0.1534427503156259 0.09565139209398509 157 4161 0.03773131458783946 0.3442982456140351
12 5 64 157 0.3442982456140351 0.1095890410958904 0.33714894714041577 0.16625852141107947 0.1103337426984 157 4161 0.03773131458783946 0.3442982456140351
1 5 256 4 0.13793103448275862 0.006969478490747416 0.11629476693401096 0.013268515870746353 0.007035618267866333 158 4161 0.03797164143234799 0.3347457627118644
2 5 256 155 0.34675615212527966 0.10742609949531362 0.3392724810680575 0.16403397872068412 0.10816526125564992 158 4161 0.03797164143234799 0.3347457627118644
12 5 256 158 0.3347457627118644 0.11343427060802691 0.3284020405097037 0.16944816194096488 0.11418168932318823 158 4161 0.03797164143234799 0.3347457627118644
1 5 32 0 0.0 0.00600817111271329 0 0 0 61 4161 0.014659937515020427 0.2606837606837607
2 5 32 61 0.2890995260663507 0.050708964191300165 0.27624156886611567 0.08628352695899337 0.051126376564152975 61 4161 0.014659937515020427 0.2606837606837607
12 5 32 61 0.2606837606837607 0.05623648161499639 0.25162647325096205 0.09251499625701202 0.056676579841470974 61 4161 0.014659937515020427 0.2606837606837607
1 5 2 1 0.07142857142857142 0.0033645758231194423 0.0595092799124616 0.006426440211154464 0.003396621634606146 210 4161 0.050468637346791634 0.29871977240398295
2 5 2 210 0.30303030303030304 0.1665465032444124 0.3005913652936857 0.2149537058577211 0.16729252278214254 210 4161 0.050468637346791634 0.29871977240398295
12 5 2 210 0.29871977240398295 0.1689497716894977 0.2964651749657171 0.2158303356897821 0.16967959643771657 210 4161 0.050468637346791634 0.29871977240398295
1 5 128 1 0.058823529411764705 0.004085556356645037 0.05193430325761471 0.007640449438202247 0.004123547932342113 118 4161 0.028358567652006728 0.33053221288515405
2 5 128 117 0.34310850439882695 0.08195145397740927 0.33261394590826177 0.13230246817372388 0.08257374116600578 118 4161 0.028358567652006728 0.33053221288515405
12 5 128 118 0.33053221288515405 0.08579668348954578 0.3214535198140693 0.13623156066728434 0.08643030204673839 118 4161 0.028358567652006728 0.33053221288515405
1 5 1024 0 0.0 0.0019226147560682527 0 0 0 85 4161 0.020427781783225185 0.3413654618473896
2 5 1024 85 0.3497942386831276 0.058399423215573176 0.3333269421123145 0.10008867696870138 0.058885106615758256 85 4161 0.020427781783225185 0.3413654618473896
12 5 1024 85 0.3413654618473896 0.059841384282624366 0.3261725857653249 0.10183167102091481 0.06033403253315553 85 4161 0.020427781783225185 0.3413654618473896
1 5 16 14 0.056910569105691054 0.05912040374909877 0.05693163862835347 0.05799444304117201 0.05909768335124048 94 4161 0.02259072338380197 0.20982142857142858
2 5 16 84 0.3783783783783784 0.05335255948089401 0.35685394484649646 0.09351868568333634 0.05381021096013552 94 4161 0.02259072338380197 0.20982142857142858
12 5 16 94 0.20982142857142858 0.10766642633982215 0.20786867690369645 0.14230921299409635 0.10818794191519664 94 4161 0.02259072338380197 0.20982142857142858
1 7 4 0 0.0 0.0004806536890170632 0 0 0 68 4161 0.016342225426580148 0.3222748815165877
2 7 4 68 0.3253588516746411 0.0502283105022831 0.3086211967711363 0.08702227909952882 0.050652397353266744 68 4161 0.016342225426580148 0.3222748815165877
12 7 4 68 0.3222748815165877 0.050708964191300165 0.3060471615071273 0.08762966876253935 0.05113559354509587 68 4161 0.016342225426580148 0.3222748815165877
1 7 512 1 0.058823529411764705 0.004085556356645037 0.05193430325761471 0.007640449438202247 0.004123547932342113 198 4161 0.047584715212689255 0.3473684210526316
2 7 512 197 0.35368043087971274 0.1338620523912521 0.34802205346040116 0.19421646315021868 0.1346908907079972 198 4161 0.047584715212689255 0.3473684210526316
12 7 512 198 0.3473684210526316 0.136986301369863 0.3421655083205864 0.1964870497171777 0.13781269381848252 198 4161 0.047584715212689255 0.3473684210526316
1 7 8 5 0.058823529411764705 0.020427781783225185 0.057748837960191306 0.030324652158401712 0.02056065813265636 31 4161 0.007450132179764479 0.1415525114155251
2 7 8 27 0.19424460431654678 0.03340543138668589 0.18540612693799352 0.05700701765045418 0.03368156146145453 31 4161 0.007450132179764479 0.1415525114155251
12 7 8 31 0.1415525114155251 0.05263157894736842 0.13922362043665795 0.07673267326732673 0.05296097701246638 31 4161 0.007450132179764479 0.1415525114155251
1 7 64 0 0.0 0.0004806536890170632 0 0 0 34 4161 0.008171112713290074 0.3269230769230769
2 7 64 34 0.3333333333333333 0.024513338139870222 0.29636661776128415 0.04566823371390195 0.024740277517615022 34 4161 0.008171112713290074 0.3269230769230769
12 7 64 34 0.3269230769230769 0.024993991828887285 0.29199868527987677 0.04643771751264036 0.02522464694704474 34 4161 0.008171112713290074 0.3269230769230769
1 7 256 0 0.0 0.0002403268445085316 0 0 0 0 4161 0.0 0.0
2 7 256 0 0.0 0.0004806536890170632 0 0 0 0 4161 0.0 0.0
12 7 256 0 0.0 0.0007209805335255948 0 0 0 0 4161 0.0 0.0
1 7 32 0 0.0 0.0004806536890170632 0 0 0 94 4161 0.02259072338380197 0.31864406779661014
2 7 32 94 0.32081911262798635 0.07041576544099976 0.3099076941999106 0.11548419964652828 0.07096416566552079 94 4161 0.02259072338380197 0.31864406779661014
12 7 32 94 0.31864406779661014 0.07089641913001682 0.30798798368177116 0.11598652331128347 0.07144641926713804 94 4161 0.02259072338380197 0.31864406779661014
1 7 2 0 0.0 0.0014419610670511895 0 0 0 63 4161 0.01514059120403749 0.28378378378378377
2 7 2 63 0.2903225806451613 0.052150925258351355 0.2777628356865954 0.08841905106845346 0.05257798816353544 63 4161 0.01514059120403749 0.28378378378378377
12 7 2 63 0.28378378378378377 0.05335255948089401 0.2721460933856053 0.08981880183799093 0.05378496704790937 63 4161 0.01514059120403749 0.28378378378378377
1 7 128 1 0.25 0.0009613073780341264 0.07012671411213331 0.0019152501795547043 0.0009708831191302425 133 4161 0.0319634703196347 0.4618055555555556
2 7 128 132 0.4647887323943662 0.06825282384042297 0.43950702809520115 0.11902690551636111 0.06883427102743388 133 4161 0.0319634703196347 0.4618055555555556
12 7 128 133 0.4618055555555556 0.0692141312184571 0.4372497474799705 0.12038525544623535 0.06980165575194855 133 4161 0.0319634703196347 0.4618055555555556
1 7 1024 0 0.0 0.0021629416005767843 0 0 0 160 4161 0.038452295121365054 0.30947775628626695
2 7 1024 160 0.3125 0.12304734438836817 0.30780769162088323 0.1765699899989654 0.12379039130709554 160 4161 0.038452295121365054 0.30947775628626695
12 7 1024 160 0.30947775628626695 0.12424897861091083 0.3049762252935426 0.17731115943535655 0.12498966051775218 160 4161 0.038452295121365054 0.30947775628626695
1 7 16 6 0.04878048780487805 0.029560201874549386 0.04846846214169505 0.03681257014590348 0.029675972208785265 10 4161 0.002403268445085316 0.07142857142857142
2 7 16 5 0.25 0.004806536890170632 0.1661047611216183 0.009431737797689225 0.004853669085491854 10 4161 0.002403268445085316 0.07142857142857142
12 7 16 10 0.07142857142857142 0.03364575823119442 0.07064313227851579 0.045744159451070084 0.03382289623499019 10 4161 0.002403268445085316 0.07142857142857142
1 4 4 8 0.03940886699507389 0.04878634943523191 0.039484009871483906 0.043599071103534365 0.04867168010530536 173 4161 0.041576544099975965 0.2605421686746988
2 4 4 169 0.3373253493013972 0.12040374909877433 0.33141365706235587 0.17746408023391078 0.12117526775989779 173 4161 0.041576544099975965 0.2605421686746988
12 4 4 173 0.2605421686746988 0.15957702475366498 0.2589201881129859 0.19792737275672861 0.16019165220274714 173 4161 0.041576544099975965 0.2605421686746988
1 4 512 2 0.15384615384615385 0.0031242489786109107 0.10411545476171595 0.006124131433282299 0.0031548507933380505 205 4161 0.049267003124248976 0.3416666666666667
2 4 512 203 0.34290540540540543 0.1422734919490507 0.33818360956118265 0.20110664211180715 0.1431024861432784 205 4161 0.049267003124248976 0.3416666666666667
12 4 512 205 0.3416666666666667 0.14419610670511895 0.3370959844387181 0.20280213189558163 0.14502600381739544 205 4161 0.049267003124248976 0.3416666666666667
1 4 8 8 0.10810810810810811 0.017784186493631338 0.10293206263513793 0.030543803529047567 0.017932528680889043 174 4161 0.0418168709444845 0.3936651583710407
2 4 8 167 0.44063324538258575 0.09108387406873347 0.4245035207215465 0.15096216226530298 0.0918049416147017 174 4161 0.0418168709444845 0.3936651583710407
12 4 8 174 0.3936651583710407 0.10622446527277096 0.38339335020498594 0.16730441668171306 0.10699799236230417 174 4161 0.0418168709444845 0.3936651583710407
1 4 64 4 0.07692307692307693 0.012496995914443643 0.07318738590599352 0.021500930328716146 0.012601493368140197 84 4161 0.020187454938716654 0.29577464788732394
2 4 64 81 0.3432203389830508 0.056717135304013455 0.32687207500845233 0.09734758884444297 0.057189800554482036 84 4161 0.020187454938716654 0.29577464788732394
12 4 64 84 0.29577464788732394 0.06825282384042297 0.28632447959174456 0.11091171137663304 0.0687766434078717 84 4161 0.020187454938716654 0.29577464788732394
1 4 256 1 0.14285714285714285 0.0016822879115597211 0.07802670786888864 0.00332541567695962 0.0016989107266868356 58 4161 0.013938956981494832 0.3005181347150259
2 4 256 57 0.3064516129032258 0.044700793078586876 0.2896582617777594 0.07802099546312546 0.04508204175293201 58 4161 0.013938956981494832 0.3005181347150259
12 4 256 58 0.3005181347150259 0.0463830809901466 0.2850545025285926 0.08036268741901093 0.046774717969418705 58 4161 0.013938956981494832 0.3005181347150259
1 4 32 8 0.061068702290076333 0.03148281663061764 0.06050573114712117 0.04154690875934112 0.03163455880089457 79 4161 0.018985820716173996 0.23372781065088757
2 4 32 73 0.33181818181818185 0.05287190579187695 0.3153456240997575 0.09121035459019232 0.0533156716638673 79 4161 0.018985820716173996 0.23372781065088757
12 4 32 79 0.23372781065088757 0.08123047344388368 0.22946266433616472 0.12056085948487798 0.08175863174549895 79 4161 0.018985820716173996 0.23372781065088757
1 4 2 4 0.03571428571428571 0.026916606584955538 0.03559908232917192 0.030697546937097437 0.026982415632245325 206 4161 0.04950732996875751 0.29261363636363635
2 4 2 203 0.33115823817292006 0.14732035568372986 0.32711663650089584 0.20392280892652886 0.1481345620045639 206 4161 0.04950732996875751 0.29261363636363635
12 4 2 206 0.29261363636363635 0.16919009853400624 0.2905153212198807 0.21440852997748344 0.16989963464110466 206 4161 0.04950732996875751 0.29261363636363635
1 4 128 1 0.16666666666666666 0.0014419610670511895 0.0780827212988017 0.0028591851322373124 0.001456254685968049 99 4161 0.023792357606344627 0.3613138686131387
2 4 128 98 0.3656716417910448 0.06440759432828647 0.3494864020316783 0.10952414710530814 0.06493729293567059 99 4161 0.023792357606344627 0.3613138686131387
12 4 128 99 0.3613138686131387 0.06584955539533766 0.3459451364530183 0.11139697955915115 0.06638706034285899 99 4161 0.023792357606344627 0.3613138686131387
1 4 1024 0 0.0 0.0038452295121365054 0 0 0 122 4161 0.029319875030040854 0.31202046035805625
2 4 1024 122 0.32275132275132273 0.09084354722422494 0.31479472686006166 0.14178065134983076 0.0914944568421951 122 4161 0.029319875030040854 0.31202046035805625
12 4 1024 122 0.31202046035805625 0.09396779620283585 0.3050127053227383 0.14443705972388546 0.09462250988032876 122 4161 0.029319875030040854 0.31202046035805625
1 4 16 1 0.07692307692307693 0.0031242489786109107 0.0623427187692892 0.006004618937644341 0.0031542103783851303 41 4161 0.009853400624849795 0.3565217391304348
2 4 16 41 0.39805825242718446 0.024753664984378754 0.34634401433697576 0.04660890679322333 0.02498566404008175 41 4161 0.009853400624849795 0.3565217391304348
12 4 16 41 0.3565217391304348 0.027637587118481133 0.3189435945726377 0.051298510548018234 0.027892340829920356 41 4161 0.009853400624849795 0.3565217391304348
1 6 4 0 0.0 0.004325883201153569 0 0 0 116 4161 0.027877913962989664 0.38926174496644295
2 6 4 116 0.41134751773049644 0.06777217015140591 0.391687282959869 0.11637139807897545 0.06833730171829869 116 4161 0.027877913962989664 0.38926174496644295
12 6 4 116 0.38926174496644295 0.07161739966354241 0.3728868589766867 0.1209771120599146 0.07220073684552722 116 4161 0.027877913962989664 0.38926174496644295
1 6 512 0 0.0 0.001201634222542658 0 0 0 186 4161 0.044700793078586876 0.340036563071298
2 6 512 186 0.340036563071298 0.13145878394616678 0.33477744113783797 0.18961287046139652 0.1322620441996865 186 4161 0.044700793078586876 0.340036563071298
12 6 512 186 0.340036563071298 0.13145878394616678 0.33477744113783797 0.18961287046139652 0.1322620441996865 186 4161 0.044700793078586876 0.340036563071298
1 6 8 4 0.046511627906976744 0.020668108627733717 0.045942843844050334 0.028618968386023295 0.020782439962770575 187 4161 0.04494111992309541 0.37701612903225806
2 6 8 185 0.4363207547169811 0.1018985820716174 0.4225890704223549 0.16521318798897594 0.10267777367135573 187 4161 0.04494111992309541 0.37701612903225806
12 6 8 187 0.37701612903225806 0.11920211487623167 0.3691119050349951 0.18113449263418555 0.12001468265715917 187 4161 0.04494111992309541 0.37701612903225806
1 6 64 17 0.056666666666666664 0.07209805335255948 0.056787006392093616 0.06345769797868568 0.07190418359227774 115 4161 0.027637587118481133 0.19198664440734559
2 6 64 100 0.3003003003003003 0.08002883922134102 0.29233376792698823 0.12637834945321438 0.08061429371747088 115 4161 0.027637587118481133 0.19198664440734559
12 6 64 115 0.19198664440734559 0.14395577986061042 0.19135451116606064 0.1645376417027741 0.14431324542030965 115 4161 0.027637587118481133 0.19198664440734559
1 6 256 3 0.16666666666666666 0.004325883201153569 0.12151594144776419 0.008432888264230498 0.004368008303540537 57 4161 0.0136986301369863 0.41605839416058393
2 6 256 54 0.45 0.02883922134102379 0.3931533362888314 0.054204622449747795 0.029108958450084058 57 4161 0.0136986301369863 0.41605839416058393
12 6 256 57 0.41605839416058393 0.03292477769766883 0.3730748690799815 0.06102068405054191 0.033227730712600934 57 4161 0.0136986301369863 0.41605839416058393
1 6 32 0 0.0 0.003604902667627974 0 0 0 37 4161 0.008892093246815669 0.27007299270072993
2 6 32 37 0.30327868852459017 0.029319875030040854 0.2775973798632088 0.05347042483756907 0.029584472593640835 37 4161 0.008892093246815669 0.27007299270072993
12 6 32 37 0.27007299270072993 0.03292477769766883 0.25209505149796363 0.05869411669349142 0.03321353463424526 37 4161 0.008892093246815669 0.27007299270072993
1 6 2 3 0.030612244897959183 0.023552030761836096 0.03052165573866539 0.026621994838592837 0.023605934952110812 123 4161 0.029560201874549386 0.28738317757009346
2 6 2 123 0.35755813953488375 0.08267243451093487 0.34616221114855467 0.1342941795381654 0.08330654249754321 123 4161 0.029560201874549386 0.28738317757009346
12 6 2 123 0.28738317757009346 0.10285988944965152 0.2823678533895784 0.15149635892469931 0.10351797786925823 123 4161 0.029560201874549386 0.28738317757009346
1 6 128 1 0.02 0.01201634222542658 0.019869295446587002 0.01501276084671971 0.012064022933588148 132 4161 0.03172314347512617 0.3826086956521739
2 6 128 133 0.44039735099337746 0.07257870704157654 0.4193554289296268 0.12461973543980377 0.07318388503611527 132 4161 0.03172314347512617 0.3826086956521739
12 6 128 132 0.3826086956521739 0.0829127613554434 0.36938898236970985 0.13629078959772667 0.08356080951271455 132 4161 0.03172314347512617 0.3826086956521739
1 6 1024 0 0.0 0.0004806536890170632 0 0 0 189 4161 0.04542177361211247 0.33992805755395683
2 6 1024 189 0.34054054054054056 0.13338139870223503 0.3353831654121607 0.19168462082463034 0.13418962475740467 189 4161 0.04542177361211247 0.33992805755395683
12 6 1024 189 0.33992805755395683 0.13362172554674356 0.33480991452720754 0.19183526308343182 0.1344295161685254 189 4161 0.04542177361211247 0.33992805755395683
1 6 16 0 0.0 0.0016822879115597211 0 0 0 52 4161 0.012496995914443643 0.3611111111111111
2 6 16 52 0.3795620437956204 0.03292477769766883 0.3437317271716241 0.06059343117533735 0.03322520456138445 52 4161 0.012496995914443643 0.3611111111111111
12 6 16 52 0.3611111111111111 0.03460706560922855 0.3302608066823524 0.06316109114833747 0.03491967101574222 52 4161 0.012496995914443643 0.3611111111111111
1 1 4 11 0.03559870550161812 0.07426099495313626 0.0357831578098142 0.04812675218757965 0.07347095748580923 89 4161 0.02138908916125931 0.14662273476112025
2 1 4 81 0.24620060790273557 0.07906753184330689 0.24115357023085723 0.11969493489519001 0.07960256286306824 89 4161 0.02138908916125931 0.14662273476112025
12 1 4 89 0.14662273476112025 0.14587839461667867 0.14661532782721826 0.14624961761178595 0.14588572727684235 89 4161 0.02138908916125931 0.14662273476112025
1 1 512 2 0.029850746268656716 0.016101898582071617 0.029600500413365937 0.020919522285535865 0.016175663836861726 274 4161 0.06584955539533766 0.3821478382147838
2 1 512 273 0.4130105900151286 0.15885604422013938 0.40657025635264593 0.22945639638012963 0.1598298519503536 274 4161 0.06584955539533766 0.3821478382147838
12 1 512 274 0.3821478382147838 0.17231434751261715 0.37759524850456755 0.2375258659306022 0.17325626088354878 274 4161 0.06584955539533766 0.3821478382147838
1 1 8 1 0.010869565217391304 0.022110069694784906 0.010924554499912411 0.014574257425742573 0.02188598185432585 118 4161 0.028358567652006728 0.2796208530805687
2 1 8 119 0.347953216374269 0.0821917808219178 0.3371593411474283 0.13297327497904832 0.08281806989820294 118 4161 0.028358567652006728 0.2796208530805687
12 1 8 118 0.2796208530805687 0.10141792838260033 0.2748394236794019 0.14884872108351443 0.10206193106830642 118 4161 0.028358567652006728 0.2796208530805687
1 1 64 2 0.020618556701030927 0.023311703917327564 0.020642168007062627 0.021882578534769614 0.023281595135033015 273 4161 0.06560922855082912 0.38288920056100983
2 1 64 273 0.4272300469483568 0.15356885364095169 0.4198228352408915 0.2259275232245055 0.15454901208795815 273 4161 0.06560922855082912 0.38288920056100983
12 1 64 273 0.38288920056100983 0.17135304013458302 0.37826572653227253 0.2367528987631376 0.17229550260999932 273 4161 0.06560922855082912 0.38288920056100983
1 1 256 0 0.0 0.014659937515020427 0 0 0 289 4161 0.06945445806296563 0.3658227848101266
2 1 256 289 0.3900134952766532 0.1780821917808219 0.38547151200176355 0.24451675886755608 0.1790454827061155 289 4161 0.06945445806296563 0.3658227848101266
12 1 256 289 0.3658227848101266 0.18985820716173996 0.36249635665326246 0.24997960724372598 0.19076672981625947 289 4161 0.06945445806296563 0.3658227848101266
1 1 32 7 0.07216494845360824 0.023311703917327564 0.0706980321166318 0.03523977579406269 0.02346900817183753 269 4161 0.064647921172795 0.36899862825788754
2 1 32 266 0.4104938271604938 0.15573179524152847 0.40395101067525785 0.2258002397280462 0.15669465019438267 269 4161 0.064647921172795 0.36899862825788754
12 1 32 269 0.36899862825788754 0.17519826964671953 0.3650010451794505 0.2375901862789641 0.17611407359909037 269 4161 0.064647921172795 0.36899862825788754
1 1 2 3 0.08823529411764706 0.008171112713290074 0.08043221973251719 0.014957108292396801 0.00824518830595075 49 4161 0.011776015380918048 0.16065573770491803
2 1 2 46 0.1678832116788321 0.06584955539533766 0.1653465395402991 0.0945955073888668 0.06624820276944719 49 4161 0.011776015380918048 0.16065573770491803
12 1 2 49 0.16065573770491803 0.07329968757510213 0.1587821621858731 0.10066888055127074 0.07369644210688205 49 4161 0.011776015380918048 0.16065573770491803
1 1 128 2 0.024691358024691357 0.01946647440519106 0.02462591545734488 0.02176980447490425 0.019507344762095518 273 4161 0.06560922855082912 0.3812849162011173
2 1 128 273 0.42 0.15621244893054553 0.4130933807078065 0.2277258281128786 0.157189929993387 273 4161 0.06560922855082912 0.3812849162011173
12 1 128 273 0.3812849162011173 0.17207402066810862 0.3767496738121483 0.23713081755589102 0.17301394829997657 273 4161 0.06560922855082912 0.3812849162011173
1 1 1024 1 0.017241379310344827 0.013938956981494832 0.01720103006509847 0.015415282392026579 0.013965441611199053 282 4161 0.06777217015140591 0.3821138211382114
2 1 1024 281 0.40665701881331406 0.16606584955539533 0.4009063166372841 0.23582729811103514 0.16704435181328603 282 4161 0.06777217015140591 0.3821138211382114
12 1 1024 282 0.3821138211382114 0.1773612112472963 0.3777955858141197 0.24227057948390202 0.17830719613116677 282 4161 0.06777217015140591 0.3821138211382114
1 1 16 12 0.04669260700389105 0.06176399903869262 0.046805689459929266 0.053181124494529275 0.06156724051336473 86 4161 0.020668108627733717 0.16475095785440613
2 1 16 81 0.27364864864864863 0.07113674597452535 0.2661469993156121 0.11291936786630151 0.0716618238623928 86 4161 0.020668108627733717 0.16475095785440613
12 1 16 86 0.16475095785440613 0.1254506128334535 0.16424152708050202 0.1424396744562372 0.12574760621241585 86 4161 0.020668108627733717 0.16475095785440613
1 2 4 5 0.19230769230769232 0.006248497957221821 0.1485210112550195 0.012103719566128206 0.00630893302632742 215 4161 0.05167027156933429 0.4158607350096712
2 2 4 212 0.4274193548387097 0.11920211487623167 0.41675026248117825 0.18641525757258795 0.12005930507003362 215 4161 0.05167027156933429 0.4158607350096712
12 2 4 215 0.4158607350096712 0.12424897861091083 0.40641659832211796 0.1913325025131164 0.12511764758131305 215 4161 0.05167027156933429 0.4158607350096712
1 2 512 5 0.05102040816326531 0.023552030761836096 0.05043798186923222 0.032227301127955535 0.023678247589593627 89 4161 0.02138908916125931 0.28164556962025317
2 2 512 86 0.3788546255506608 0.05455419370343667 0.3577958410712452 0.09537465648854962 0.055020507376787264 89 4161 0.02138908916125931 0.28164556962025317
12 2 512 89 0.28164556962025317 0.07594328286469598 0.27428963640055853 0.11962950753426842 0.07649644965754764 89 4161 0.02138908916125931 0.28164556962025317
1 2 8 18 0.04825737265415549 0.08964191300168228 0.04847896716838491 0.06273974778883037 0.08888718193602274 18 4161 0.004325883201153569 0.047619047619047616
2 2 8 0 0.0 0.0019226147560682527 0 0 0 18 4161 0.004325883201153569 0.047619047619047616
12 2 8 18 0.047619047619047616 0.09084354722422494 0.04784444352543545 0.06248450285147533 0.09003438371089384 18 4161 0.004325883201153569 0.047619047619047616
1 2 64 0 0.0 0.017303532804614274 0 0 0 170 4161 0.04085556356645037 0.39443155452436196
2 2 64 170 0.46321525885558584 0.0881999519346311 0.444502679477747 0.14818439087997395 0.08891265452979397 170 4161 0.04085556356645037 0.39443155452436196
12 2 64 170 0.39443155452436196 0.10358086998317712 0.3837623622719355 0.16407447507700437 0.10434266652422063 170 4161 0.04085556356645037 0.39443155452436196
1 2 256 0 0.0 0.012977649603460706 0 0 0 209 4161 0.0502283105022831 0.36731107205623903
2 2 256 210 0.3977272727272727 0.12689257390050468 0.3894963204567579 0.19240079334093357 0.12775390822318247 209 4161 0.0502283105022831 0.36731107205623903
12 2 256 209 0.36731107205623903 0.13674597452535447 0.36127990378559377 0.19929613460587728 0.13760115990323188 209 4161 0.0502283105022831 0.36731107205623903
1 2 32 0 0.0 0.011535688536409516 0 0 0 95 4161 0.0228310502283105 0.3877551020408163
2 2 32 96 0.47761194029850745 0.04830569574621485 0.43898443898443895 0.08773760563092095 0.04873945759167065 95 4161 0.0228310502283105 0.3877551020408163
12 2 32 95 0.3877551020408163 0.05888007690459024 0.36743518665415187 0.10223579021347623 0.05937871191937765 95 4161 0.0228310502283105 0.3877551020408163
1 2 2 0 0.0 0.010814708002883922 0 0 0 36 4161 0.008651766402307137 0.17560975609756097
2 2 2 36 0.21818181818181817 0.03965392934390771 0.20887123054169907 0.0671106817835172 0.03997781009640614 36 4161 0.008651766402307137 0.17560975609756097
12 2 2 36 0.17560975609756097 0.049267003124248976 0.17126132965221114 0.07694673680149723 0.04962046383130986 36 4161 0.008651766402307137 0.17560975609756097
1 2 128 0 0.0 0.0033645758231194423 0 0 0 58 4161 0.013938956981494832 0.3333333333333333
2 2 128 58 0.35802469135802467 0.03893294881038212 0.3311523942523706 0.07022893916631164 0.03927956422595919 58 4161 0.013938956981494832 0.3333333333333333
12 2 128 58 0.3333333333333333 0.0418168709444845 0.31181135891840106 0.07431133888532991 0.0421821219234702 58 4161 0.013938956981494832 0.3333333333333333
1 2 1024 0 0.0 0.011295361691900985 0 0 0 192 4161 0.046142754145638065 0.3490909090909091
2 2 1024 193 0.3791748526522593 0.12232636385484258 0.37145268760754163 0.18497694307981705 0.1231523232997148 192 4161 0.046142754145638065 0.3490909090909091
12 2 1024 192 0.3490909090909091 0.13217976447969237 0.34350962120669476 0.19175385777529208 0.1329979786442077 192 4161 0.046142754145638065 0.3490909090909091
1 2 16 2 0.02247191011235955 0.02138908916125931 0.0224606520060668 0.021917133534445608 0.021399298434392186 106 4161 0.02547464551790435 0.29201101928374656
2 2 16 105 0.36971830985915494 0.06825282384042297 0.35422737181571784 0.1152327938156082 0.06880832665237353 106 4161 0.02547464551790435 0.29201101928374656
12 2 16 106 0.29201101928374656 0.08723864455659697 0.2853787415829941 0.13434234989132995 0.08784858230193794 106 4161 0.02547464551790435 0.29201101928374656
