1 8 4 1 0.041666666666666664 0.005767844268204758 0.03924806916986448 0.01013299556681444 0.0058174696886789746 30 4161 0.007209805335255948 0.18072289156626506
2 8 4 29 0.20422535211267606 0.034126411920211486 0.19462076329776906 0.05848061178843027 0.03441017603613251 30 4161 0.007209805335255948 0.18072289156626506
12 8 4 30 0.18072289156626506 0.039894256188416244 0.1746197616328118 0.06536033493890514 0.04020444814762829 30 4161 0.007209805335255948 0.18072289156626506
1 8 512 0 0 0.0 0 0 0 81 4161 0.01946647440519106 0.25391849529780564
2 8 512 81 0.25391849529780564 0.07666426339822158 0.24823589829148113 0.11777065738077766 0.07719782673187942 81 4161 0.01946647440519106 0.25391849529780564
12 8 512 81 0.25391849529780564 0.07666426339822158 0.24823589829148113 0.11777065738077766 0.07719782673187942 81 4161 0.01946647440519106 0.25391849529780564
1 8 8 1 0.024390243902439025 0.009853400624849795 0.024039103453480475 0.0140362889421431 0.00991189163700599 113 4161 0.02715693342946407 0.2832080200501253
2 8 8 112 0.3076923076923077 0.0874789714011055 0.3002098627318085 0.13622754491017963 0.08810327763172715 113 4161 0.02715693342946407 0.2832080200501253
12 8 8 113 0.2832080200501253 0.0958904109589041 0.2778343864871726 0.14327114653142548 0.09652250290868715 113 4161 0.02715693342946407 0.2832080200501253
1 8 64 0 0.0 0.0002403268445085316 0 0 0 121 4161 0.029079548185532322 0.2847058823529412
2 8 64 121 0.2847058823529412 0.10213890891612593 0.2797549453486999 0.15034219843123728 0.10279153095590676 121 4161 0.029079548185532322 0.2847058823529412
12 8 64 121 0.2847058823529412 0.10213890891612593 0.2797549453486999 0.15034219843123728 0.10279153095590676 121 4161 0.029079548185532322 0.2847058823529412
1 8 256 0 0.0 0.0002403268445085316 0 0 0 106 4161 0.02547464551790435 0.2548076923076923
2 8 256 106 0.2541966426858513 0.10021629416005767 0.2503875778562898 0.14375686025806764 0.10082097331851958 106 4161 0.02547464551790435 0.2548076923076923
12 8 256 106 0.2548076923076923 0.09997596731554914 0.25095958869119417 0.1436066449337428 0.1005810885251683 106 4161 0.02547464551790435 0.2548076923076923
1 8 32 0 0 0.0 0 0 0 7 4161 0.0016822879115597211 0.1320754716981132
2 8 32 7 0.1320754716981132 0.012737322758952174 0.12086366671289919 0.023233967935871742 0.012852301261975181 7 4161 0.0016822879115597211 0.1320754716981132
12 8 32 7 0.1320754716981132 0.012737322758952174 0.12086366671289919 0.023233967935871742 0.012852301261975181 7 4161 0.0016822879115597211 0.1320754716981132
1 8 2 1 0.05263157894736842 0.0045662100456621 0.04766399244926852 0.008403361344537815 0.004607874446826954 8 4161 0.0019226147560682527 0.125
2 8 2 7 0.15555555555555556 0.010814708002883922 0.13735445349635406 0.020223420647149458 0.010915266448807347 8 4161 0.0019226147560682527 0.125
12 8 2 8 0.125 0.015380918048546022 0.11676089666010367 0.027391397389257437 0.015515635651397462 8 4161 0.0019226147560682527 0.125
1 8 128 0 0.0 0.0002403268445085316 0 0 0 51 4161 0.012256669069935111 0.18613138686131386
2 8 128 51 0.18613138686131386 0.06584955539533766 0.1828249422168496 0.09728250843233421 0.0662735882723734 51 4161 0.012256669069935111 0.18613138686131386
12 8 128 51 0.18613138686131386 0.06584955539533766 0.1828249422168496 0.09728250843233421 0.0662735882723734 51 4161 0.012256669069935111 0.18613138686131386
1 8 1024 1 0.047619047619047616 0.005046863734679163 0.043948529868838196 0.009126466753585397 0.005091935727815508 110 4161 0.026435952895938475 0.2412280701754386
2 8 1024 109 0.2494279176201373 0.1050228310502283 0.24607787780219267 0.14780968103295794 0.1056283062685663 110 4161 0.026435952895938475 0.2412280701754386
12 8 1024 110 0.2412280701754386 0.1095890410958904 0.23839283319475363 0.15071073814009248 0.11018436790272833 110 4161 0.026435952895938475 0.2412280701754386
1 8 16 0 0 0.0 0 0 0 19 4161 0.0045662100456621 0.2235294117647059
2 8 16 19 0.2235294117647059 0.020427781783225185 0.20349718486100213 0.037434518566594036 0.02061322170444672 19 4161 0.0045662100456621 0.2235294117647059
12 8 16 19 0.2235294117647059 0.020427781783225185 0.20349718486100213 0.037434518566594036 0.02061322170444672 19 4161 0.0045662100456621 0.2235294117647059
1 3 4 6 0.03773584905660377 0.03821196827685652 0.037740504945818085 0.037972416263657535 0.03820719534347576 146 4161 0.03508771929824561 0.27238805970149255
2 3 4 140 0.35175879396984927 0.09565008411439557 0.3426743323667991 0.15040272949102765 0.09634460516297189 146 4161 0.03508771929824561 0.27238805970149255
12 3 4 146 0.27238805970149255 0.12881518865657293 0.26941498592260604 0.17491243872946194 0.1294909641053158 146 4161 0.03508771929824561 0.27238805970149255
1 3 512 1 0.16666666666666666 0.0014419610670511895 0.0780827212988017 0.0028591851322373124 0.001456254685968049 136 4161 0.032684450853160296 0.39080459770114945
2 3 512 135 0.3935860058309038 0.08243210766642634 0.3794064641323443 0.13631466151690352 0.08308242206958681 136 4161 0.032684450853160296 0.39080459770114945
12 3 512 136 0.39080459770114945 0.083633741888969 0.3770918571166214 0.13778165938864628 0.08428969599813114 136 4161 0.032684450853160296 0.39080459770114945
1 3 8 12 0.05150214592274678 0.05599615477048786 0.0515431026174922 0.05365521344066935 0.05594781880653925 95 4161 0.0228310502283105 0.20518358531317496
2 3 8 85 0.3441295546558704 0.0593607305936073 0.32852538156984534 0.10125538348758362 0.059851097569542946 95 4161 0.0228310502283105 0.20518358531317496
12 3 8 95 0.20518358531317496 0.11127132900745013 0.20348320450600593 0.1442925939533907 0.11177786943691867 95 4161 0.0228310502283105 0.20518358531317496
1 3 64 5 0.046296296296296294 0.02595529920692141 0.045939833474421016 0.03326249653515661 0.026068702071156948 122 4161 0.029319875030040854 0.30886075949367087
2 3 64 121 0.40066225165562913 0.07257870704157654 0.3834982996984273 0.12289531432607179 0.07317194543366419 122 4161 0.029319875030040854 0.30886075949367087
12 3 64 122 0.30886075949367087 0.09492910358086998 0.30211962129197867 0.14522343283604577 0.09558461299022146 122 4161 0.029319875030040854 0.30886075949367087
1 3 256 1 0.045454545454545456 0.005287190579187695 0.04227469035977245 0.009472551130247578 0.005333858237474313 156 4161 0.03749098774333093 0.34743875278396436
2 3 256 155 0.3613053613053613 0.10310021629416005 0.3525631586448777 0.16042296947150528 0.10383492053538228 156 4161 0.03749098774333093 0.34743875278396436
12 3 256 156 0.34743875278396436 0.10790675318433068 0.33996686852594543 0.1646705073485072 0.1086483829907241 156 4161 0.03749098774333093 0.34743875278396436
1 3 32 4 0.043478260869565216 0.022110069694784906 0.04306617043858714 0.029313366257766447 0.02221818390496777 14 4161 0.0033645758231194423 0.1111111111111111
2 3 32 10 0.2857142857142857 0.008411439557798606 0.21540430199256597 0.016341776584568694 0.00849305359513241 14 4161 0.0033645758231194423 0.1111111111111111
12 3 32 14 0.1111111111111111 0.03028118240807498 0.10825018501033506 0.04759206798866856 0.03050087001538705 14 4161 0.0033645758231194423 0.1111111111111111
1 3 2 0 0.0 0.0091324200913242 0 0 0 124 4161 0.029800528719057917 0.31
2 3 2 124 0.33695652173913043 0.08844027877913962 0.3278355859899488 0.14010697157454544 0.0890908466710936 124 4161 0.029800528719057917 0.31
12 3 2 124 0.31 0.09613073780341264 0.30331865581688117 0.14675337739879638 0.09679189433577295 124 4161 0.029800528719057917 0.31
1 3 128 2 0.022988505747126436 0.02090843547224225 0.02296588441001435 0.021899188219747026 0.020927183546903972 82 4161 0.01970680124969959 0.2971014492753623
2 3 128 81 0.4175257731958763 0.04662340783465513 0.3870404651370358 0.08388024885434654 0.04703711747374231 82 4161 0.01970680124969959 0.2971014492753623
12 3 128 82 0.2971014492753623 0.06633020908435472 0.28720804965370417 0.10844845679456032 0.06684427613031275 82 4161 0.01970680124969959 0.2971014492753623
1 3 1024 0 0.0 0.002883922134102379 0 0 0 79 4161 0.018985820716173996 0.33617021276595743
2 3 1024 79 0.3511111111111111 0.05407354001441961 0.33299982805372963 0.09371441224851322 0.05453029498800593 79 4161 0.018985820716173996 0.33617021276595743
12 3 1024 79 0.33617021276595743 0.056476808459504924 0.3204571560216769 0.09670681140999729 0.05694590705990881 79 4161 0.018985820716173996 0.33617021276595743
1 3 16 0 0.0 0.0038452295121365054 0 0 0 79 4161 0.018985820716173996 0.4010152284263959
2 3 16 79 0.4340659340659341 0.04373948570055275 0.3988273934469046 0.07947093076278938 0.044132409689170864 79 4161 0.018985820716173996 0.4010152284263959
12 3 16 79 0.4010152284263959 0.04734438836818072 0.3733979250853818 0.08469014605689906 0.04776144445870188 79 4161 0.018985820716173996 0.4010152284263959
1 5 4 0 0.0 0.004085556356645037 0 0 0 200 4161 0.04806536890170632 0.34071550255536626
2 5 4 200 0.34965034965034963 0.13746695505888007 0.34438728368494154 0.19734617693533807 0.13829789882565038 200 4161 0.04806536890170632 0.34071550255536626
12 5 4 200 0.34071550255536626 0.14107185772650804 0.3360074357237787 0.1995293893703862 0.1418950655989143 200 4161 0.04806536890170632 0.34071550255536626
1 5 512 0 0.0 0.001201634222542658 0 0 0 49 4161 0.011776015380918048 0.3181818181818182
2 5 512 49 0.3288590604026846 0.03580869983177121 0.3042097138229588 0.06458489981865628 0.03612744848991733 49 4161 0.011776015380918048 0.3181818181818182
12 5 512 49 0.3181818181818182 0.037010334054313865 0.29592283251840723 0.06630785791173305 0.037337007662320204 49 4161 0.011776015380918048 0.3181818181818182
1 5 8 12 0.046511627906976744 0.06200432588320115 0.04662697880152667 0.05315203955500618 0.061800510853865905 59 4161 0.014179283826003364 0.1191919191919192
2 5 8 52 0.19696969696969696 0.06344628695025234 0.19294926281371538 0.09597718025084945 0.06387500082922956 59 4161 0.014179283826003364 0.1191919191919192
12 5 8 59 0.1191919191919192 0.11896178803172314 0.11918963630150463 0.11907674242238912 0.11896406220224498 59 4161 0.014179283826003364 0.1191919191919192
1 5 64 2 0.10526315789473684 0.0045662100456621 0.08639863130881095 0.0087527352297593 0.004609872429767909 104 4161 0.024993991828887285 0.3076923076923077
2 5 64 103 0.32087227414330216 0.07714491708723864 0.3111396283669237 0.12438490361608957 0.07772948707536853 104 4161 0.024993991828887285 0.3076923076923077
12 5 64 104 0.3076923076923077 0.08123047344388368 0.29942724824797606 0.1285293278828786 0.08182675632822264 104 4161 0.024993991828887285 0.3076923076923077
1 5 256 0 0.0 0.0004806536890170632 0 0 0 40 4161 0.009613073780341264 0.47058823529411764
2 5 256 40 0.47619047619047616 0.020187454938716654 0.38915646071281135 0.03873288144971642 0.02038068936889048 40 4161 0.009613073780341264 0.47058823529411764
12 5 256 40 0.47058823529411764 0.020427781783225185 0.3863027875897136 0.039155846025393716 0.020623107308921716 40 4161 0.009613073780341264 0.47058823529411764
1 5 32 2 0.03225806451612903 0.014900264359528959 0.0318902429708547 0.020384678612526713 0.014980072819133923 139 4161 0.03340543138668589 0.3075221238938053
2 5 32 138 0.34413965087281795 0.09637106464792117 0.33559693047772954 0.15057569940368887 0.09706296525229904 139 4161 0.03340543138668589 0.3075221238938053
12 5 32 139 0.3075221238938053 0.10862773371785628 0.30204649208790285 0.16054520156947322 0.10932782635201103 139 4161 0.03340543138668589 0.3075221238938053
1 5 2 0 0.0 0.002403268445085316 0 0 0 254 4161 0.061043018505167024 0.3493810178817056
2 5 2 254 0.35376044568245124 0.17255467435712568 0.3501201137578467 0.23196376536010144 0.17343425621207545 254 4161 0.061043018505167024 0.3493810178817056
12 5 2 254 0.3493810178817056 0.17471761595770247 0.3459567662232209 0.2329447724676632 0.17558672227548325 254 4161 0.061043018505167024 0.3493810178817056
1 5 128 1 0.1 0.002403268445085316 0.07132264670574111 0.0046937338652898375 0.002426717924074964 75 4161 0.01802451333813987 0.24916943521594684
2 5 128 74 0.2534246575342466 0.07017543859649122 0.2470376307656712 0.10991459339027107 0.07068146999300183 75 4161 0.01802451333813987 0.24916943521594684
12 5 128 75 0.24916943521594684 0.07233838019706801 0.24328130876770868 0.11212488452254417 0.07285026653853535 75 4161 0.01802451333813987 0.24916943521594684
1 5 1024 0 0.0 0.0002403268445085316 0 0 0 156 4161 0.03749098774333093 0.37772397094430993
2 5 1024 156 0.37772397094430993 0.09925498678202355 0.36751508639775315 0.15720185193092467 0.0999848053619725 156 4161 0.03749098774333093 0.37772397094430993
12 5 1024 156 0.37772397094430993 0.09925498678202355 0.36751508639775315 0.15720185193092467 0.0999848053619725 156 4161 0.03749098774333093 0.37772397094430993
1 5 16 4 0.12903225806451613 0.007450132179764479 0.11108351663946639 0.014086907128656631 0.007520291396279846 134 4161 0.03220379716414323 0.29321663019693656
2 5 16 130 0.2995391705069124 0.10430185051670271 0.29408877647339327 0.15472667787397534 0.10497932291890422 134 4161 0.03220379716414323 0.29321663019693656
12 5 16 134 0.29321663019693656 0.10982936794039894 0.28844796547264084 0.1598020936219294 0.11051371336320931 134 4161 0.03220379716414323 0.29321663019693656
1 7 4 1 0.017543859649122806 0.0136986301369863 0.01749523644552226 0.015384615384615385 0.013728421911105071 211 4161 0.050708964191300165 0.3172932330827068
2 7 4 211 0.3403225806451613 0.14900264359528959 0.3360504030078256 0.20726078149767382 0.1498366437404671 211 4161 0.050708964191300165 0.3172932330827068
12 7 4 211 0.3172932330827068 0.1598173515981735 0.3142276496402887 0.21256692188129642 0.16060656629002998 211 4161 0.050708964191300165 0.3172932330827068
1 7 512 1 0.1 0.002403268445085316 0.07132264670574111 0.0046937338652898375 0.002426717924074964 238 4161 0.05719778899303052 0.35575485799701045
2 7 512 237 0.3574660633484163 0.15933669790915644 0.3531186363224024 0.2204224374108349 0.16021591945805527 238 4161 0.05719778899303052 0.35575485799701045
12 7 512 238 0.35575485799701045 0.16077865897620763 0.35153401518781213 0.22146787038408652 0.1616558634710169 238 4161 0.05719778899303052 0.35575485799701045
1 7 8 1 0.045454545454545456 0.005287190579187695 0.04227469035977245 0.009472551130247578 0.005333858237474313 17 4161 0.004085556356645037 0.2
2 7 8 16 0.25396825396825395 0.01514059120403749 0.21966185951376122 0.02857750372102913 0.015282886058824881 17 4161 0.004085556356645037 0.2
12 7 8 17 0.2 0.020427781783225185 0.1839866269475579 0.037069341474051457 0.02061100774263249 17 4161 0.004085556356645037 0.2
1 7 64 0 0.0 0.002403268445085316 0 0 0 15 4161 0.003604902667627974 0.17857142857142858
2 7 64 16 0.21052631578947367 0.0182648401826484 0.19065596979707408 0.03361344537815126 0.018431497787307818 15 4161 0.003604902667627974 0.17857142857142858
12 7 64 15 0.17857142857142858 0.020187454938716654 0.16569988867404933 0.036274128773157145 0.020366305431206825 15 4161 0.003604902667627974 0.17857142857142858
1 7 256 0 0.0 0.006969478490747416 0 0 0 30 4161 0.007209805335255948 0.297029702970297
2 7 256 30 0.40540540540540543 0.017784186493631338 0.33344734767931233 0.0340736420425767 0.017954152292081117 30 4161 0.007209805335255948 0.297029702970297
12 7 256 30 0.297029702970297 0.02427301129536169 0.26729145013232253 0.044878583436396086 0.024495723714042544 30 4161 0.007209805335255948 0.297029702970297
1 7 32 3 0.06 0.01201634222542658 0.05771802364343596 0.020022692384702664 0.012112248161176845 142 4161 0.034126411920211486 0.3333333333333333
2 7 32 139 0.3648293963254593 0.09156452775775054 0.3543586366909384 0.14638858943527655 0.09224864827332933 142 4161 0.034126411920211486 0.3333333333333333
12 7 32 142 0.3333333333333333 0.10237923576063446 0.3260508786686976 0.15664644236072808 0.10308641087934678 142 4161 0.034126411920211486 0.3333333333333333
1 7 2 2 0.0625 0.007690459024273011 0.058380448330051835 0.013695698694628718 0.007757817825698731 14 4161 0.0033645758231194423 0.1917808219178082
2 7 2 12 0.27906976744186046 0.010334054313866858 0.22192886829733594 0.019930090187520517 0.010433531282676106 14 4161 0.0033645758231194423 0.1917808219178082
12 7 2 14 0.1917808219178082 0.017543859649122806 0.17461101506544827 0.03214695752009185 0.017703103677087374 14 4161 0.0033645758231194423 0.1917808219178082
1 7 128 1 0.3333333333333333 0.0007209805335255948 0.05986959098992293 0.0014388489208633094 0.0007281745888697434 11 4161 0.0026435952895938475 0.1774193548387097
2 7 128 10 0.1694915254237288 0.014179283826003364 0.15290857304149238 0.026169302078020002 0.014309105984635301 11 4161 0.0026435952895938475 0.1774193548387097
12 7 128 11 0.1774193548387097 0.014900264359528959 0.16012701925513345 0.027491685982061875 0.015036638736470036 11 4161 0.0026435952895938475 0.1774193548387097
1 7 1024 0 0.0 0.002403268445085316 0 0 0 76 4161 0.0182648401826484 0.2743682310469314
2 7 1024 76 0.2846441947565543 0.06416726748377793 0.2752793233058469 0.1047261467002129 0.06466317014077569 76 4161 0.0182648401826484 0.2743682310469314
12 7 1024 76 0.2743682310469314 0.06657053592886325 0.26614292208819573 0.10714440217322152 0.06707349945800246 76 4161 0.0182648401826484 0.2743682310469314
1 7 16 1 0.047619047619047616 0.005046863734679163 0.043948529868838196 0.009126466753585397 0.005091935727815508 10 4161 0.002403268445085316 0.12658227848101267
2 7 16 9 0.15517241379310345 0.013938956981494832 0.1410248522799312 0.025580084776909318 0.014065711486704244 10 4161 0.002403268445085316 0.12658227848101267
12 7 16 10 0.12658227848101267 0.018985820716173996 0.11985699478752009 0.03301916365384213 0.01914696078292568 10 4161 0.002403268445085316 0.12658227848101267
1 4 4 6 0.05555555555555555 0.02595529920692141 0.05493525918987112 0.03538083538083538 0.02609294715388811 121 4161 0.029079548185532322 0.275
2 4 4 118 0.33618233618233617 0.08435472242249459 0.32653079384764677 0.13486834071693377 0.08498502559809386 121 4161 0.029079548185532322 0.275
12 4 4 121 0.275 0.1057438115837539 0.27070985191367014 0.15275125846207255 0.10639214747426383 121 4161 0.029079548185532322 0.275
1 4 512 9 0.08035714285714286 0.026916606584955538 0.07880797213915867 0.04032564559038265 0.027095014589705122 116 4161 0.027877913962989664 0.26303854875283444
2 4 512 110 0.31339031339031337 0.08435472242249459 0.305186099965487 0.1329291406084581 0.08496955857233465 116 4161 0.027877913962989664 0.26303854875283444
12 4 512 116 0.26303854875283444 0.10598413842826243 0.2592350644049183 0.15109051519810027 0.10661440642633567 116 4161 0.027877913962989664 0.26303854875283444
1 4 8 6 0.05555555555555555 0.02595529920692141 0.05493525918987112 0.03538083538083538 0.02609294715388811 74 4161 0.017784186493631338 0.22424242424242424
2 4 8 70 0.30701754385964913 0.0547945205479452 0.2936351365382619 0.09299236134174692 0.05524387004016315 74 4161 0.017784186493631338 0.22424242424242424
12 4 8 74 0.22424242424242424 0.07930785868781542 0.22025709431238713 0.11717456707308295 0.07981864253745108 74 4161 0.017784186493631338 0.22424242424242424
1 4 64 7 0.047619047619047616 0.035328046142754144 0.04745557931477557 0.04056291390728477 0.0354185602129837 80 4161 0.019226147560682527 0.24024024024024024
2 4 64 74 0.37185929648241206 0.047825042057197786 0.3484819871724882 0.0847502985482641 0.048241249124541884 80 4161 0.019226147560682527 0.24024024024024024
12 4 64 80 0.24024024024024024 0.08002883922134102 0.23557098805965446 0.12006246493107901 0.0805607635631233 80 4161 0.019226147560682527 0.24024024024024024
1 4 256 2 0.046511627906976744 0.010334054313866858 0.044953473206984715 0.016910824894307345 0.010414256236743883 184 4161 0.04422013938956981 0.36947791164658633
2 4 256 182 0.3939393939393939 0.1110310021629416 0.3842457019825894 0.1732358413014321 0.11182613254639191 184 4161 0.04422013938956981 0.36947791164658633
12 4 256 184 0.36947791164658633 0.11968276856524873 0.36199731330925766 0.18080005682558098 0.12048930246480671 184 4161 0.04422013938956981 0.36947791164658633
1 4 32 12 0.08333333333333333 0.03460706560922855 0.08218760065777206 0.0489047376464595 0.034808581521583046 123 4161 0.029560201874549386 0.34844192634560905
2 4 32 115 0.5180180180180181 0.05335255948089401 0.4768948651865251 0.09674137313636441 0.053830642938954815 123 4161 0.029560201874549386 0.34844192634560905
12 4 32 123 0.34844192634560905 0.08483537611151165 0.338042041045725 0.13644934413555998 0.08547562183571945 123 4161 0.029560201874549386 0.34844192634560905
1 4 2 0 0.0 0.0016822879115597211 0 0 0 224 4161 0.053833213169911076 0.39928698752228164
2 4 2 224 0.4021543985637343 0.1338620523912521 0.39432932364914264 0.20086403346016662 0.13475213381523113 224 4161 0.053833213169911076 0.39928698752228164
12 4 2 224 0.39928698752228164 0.13482335976928622 0.3916800322328945 0.2015808659873194 0.13571334329921045 224 4161 0.053833213169911076 0.39928698752228164
1 4 128 10 0.07142857142857142 0.03364575823119442 0.07064313227851579 0.045744159451070084 0.03382289623499019 70 4161 0.01682287911559721 0.18087855297157623
2 4 128 62 0.2421875 0.06152367219418409 0.23534503438408286 0.0981212791869386 0.06198145542469193 70 4161 0.01682287911559721 0.18087855297157623
12 4 128 70 0.18087855297157623 0.09300648882480173 0.17920222266322683 0.1228462789005054 0.09345600943874646 70 4161 0.01682287911559721 0.18087855297157623
1 4 1024 1 0.030303030303030304 0.007930785868781542 0.029479661421710403 0.01257142857142857 0.007989184757987386 160 4161 0.038452295121365054 0.30592734225621415
2 4 1024 159 0.3186372745490982 0.11992309540975726 0.31349406782389544 0.17426092686141006 0.12066817669516922 160 4161 0.038452295121365054 0.30592734225621415
12 4 1024 160 0.30592734225621415 0.12569093967796202 0.3016446896461144 0.1781773234861688 0.12642841507529542 160 4161 0.038452295121365054 0.30592734225621415
1 4 16 14 0.04216867469879518 0.07978851237683249 0.04236645237726943 0.05517634349885444 0.07908991539895383 35 4161 0.008411439557798606 0.08728179551122195
2 4 16 22 0.2716049382716049 0.01946647440519106 0.24073286412480838 0.03632916424574172 0.019647057706232048 35 4161 0.008411439557798606 0.08728179551122195
12 4 16 35 0.08728179551122195 0.09637106464792117 0.08736337675920382 0.09160150896108812 0.0962718026478812 35 4161 0.008411439557798606 0.08728179551122195
1 6 4 1 0.034482758620689655 0.006969478490747416 0.03318566524285925 0.011595361855257896 0.007024974756620242 267 4161 0.06416726748377793 0.355525965379494
2 6 4 266 0.36538461538461536 0.174957942802211 0.36148907316272927 0.2366163452080571 0.17586542184830453 267 4161 0.06416726748377793 0.355525965379494
12 6 4 267 0.355525965379494 0.18048546022590722 0.3521445699678742 0.23942499886566354 0.18136957836977272 267 4161 0.06416726748377793 0.355525965379494
1 6 512 0 0.0 0.0009613073780341264 0 0 0 158 4161 0.03797164143234799 0.3542600896860987
2 6 512 158 0.3574660633484163 0.10622446527277096 0.34928654968906847 0.1637801037051977 0.10696884176450885 158 4161 0.03797164143234799 0.3542600896860987
12 6 512 158 0.3542600896860987 0.10718577265080509 0.3463552892354377 0.1645767988472057 0.10793107156823807 158 4161 0.03797164143234799 0.3542600896860987
1 6 8 5 0.053763440860215055 0.022350396539293438 0.053025555913086185 0.03157465878997759 0.022480445387093023 101 4161 0.02427301129536169 0.28133704735376047
2 6 8 96 0.3490909090909091 0.06608988223984619 0.334892581672142 0.11113894262241597 0.06662464729652828 101 4161 0.02427301129536169 0.28133704735376047
12 6 8 101 0.28133704735376047 0.08627733717856284 0.2751773114660776 0.13205691788280627 0.0868736958984752 101 4161 0.02427301129536169 0.28133704735376047
1 6 64 2 0.02040816326530612 0.023552030761836096 0.020435171287531403 0.021867678232734576 0.023516162907280074 74 4161 0.017784186493631338 0.23417721518987342
2 6 64 75 0.32751091703056767 0.055034847392453734 0.31220668895418163 0.09423454663169792 0.055491947345645984 74 4161 0.017784186493631338 0.23417721518987342
12 6 64 74 0.23417721518987342 0.07594328286469598 0.22944390030459957 0.11469210584398067 0.076454774127669 74 4161 0.017784186493631338 0.23417721518987342
1 6 256 3 0.06818181818181818 0.01057438115837539 0.0646923812250404 0.018309175393577917 0.010663586714828243 175 4161 0.04205719778899303 0.360082304526749
2 6 256 173 0.381057268722467 0.10910838740687334 0.3718800589908245 0.1696428282156314 0.1098848372776065 175 4161 0.04205719778899303 0.360082304526749
12 6 256 175 0.360082304526749 0.11679884643114635 0.35280636526335574 0.1763843997797528 0.11758542647862742 175 4161 0.04205719778899303 0.360082304526749
1 6 32 1 0.017543859649122806 0.0136986301369863 0.01749523644552226 0.015384615384615385 0.013728421911105071 139 4161 0.03340543138668589 0.38186813186813184
2 6 32 139 0.44551282051282054 0.07498197548666186 0.42473207270319663 0.12836028964531324 0.07560454910658526 139 4161 0.03340543138668589 0.38186813186813184
12 6 32 139 0.38186813186813184 0.0874789714011055 0.36955479900569704 0.14234851415509056 0.0881518214917835 139 4161 0.03340543138668589 0.38186813186813184
1 6 2 0 0.0 0.0007209805335255948 0 0 0 163 4161 0.03917327565489065 0.4358288770053476
2 6 2 163 0.4358288770053476 0.08988223984619081 0.41983007727547605 0.14902966438867693 0.09059422717050228 163 4161 0.03917327565489065 0.4358288770053476
12 6 2 163 0.4358288770053476 0.08988223984619081 0.41983007727547605 0.14902966438867693 0.09059422717050228 163 4161 0.03917327565489065 0.4358288770053476
1 6 128 12 0.05063291139240506 0.05695746214852199 0.05068863873148172 0.053609296802103655 0.05688710807231556 116 4161 0.027877913962989664 0.2283464566929134
2 6 128 111 0.37373737373737376 0.07137707281903388 0.3586932177902482 0.11986256544502617 0.07195342552980034 116 4161 0.027877913962989664 0.2283464566929134
12 6 128 116 0.2283464566929134 0.12208603701033405 0.22639548076927468 0.15910575910575908 0.12265113981747884 116 4161 0.027877913962989664 0.2283464566929134
1 6 1024 2 0.16666666666666666 0.002883922134102379 0.10668074993398467 0.005669737774627924 0.002912257432023298 151 4161 0.03628935352078827 0.30879345603271985
2 6 1024 150 0.31185031185031187 0.1155972122086037 0.30669500531349625 0.16867112170387055 0.11632199993228656 151 4161 0.03628935352078827 0.30879345603271985
12 6 1024 151 0.30879345603271985 0.11751982696467195 0.30389625503827133 0.17024735080098496 0.11824501138183738 151 4161 0.03628935352078827 0.30879345603271985
1 6 16 1 0.01694915254237288 0.014179283826003364 0.016916434121290746 0.015440984035592777 0.014202263686868567 109 4161 0.026195626051429943 0.2620192307692308
2 6 16 108 0.2983425414364641 0.08699831771208844 0.2913352341057718 0.13471345480607547 0.08761281712002375 109 4161 0.026195626051429943 0.2620192307692308
12 6 16 109 0.2620192307692308 0.09997596731554914 0.2578808252580121 0.14472913557983097 0.10059190884826896 109 4161 0.026195626051429943 0.2620192307692308
1 1 4 9 0.030100334448160536 0.07185772650805095 0.030274521475739093 0.04242806464327946 0.07088410638601403 92 4161 0.022110069694784906 0.1500815660685155
2 1 4 85 0.24495677233429394 0.08339341504446046 0.2403464900196336 0.12442680143600213 0.08394157735308233 92 4161 0.022110069694784906 0.1500815660685155
12 1 4 92 0.1500815660685155 0.14732035568372986 0.1500537201125235 0.14868814272964917 0.1473471963101918 92 4161 0.022110069694784906 0.1500815660685155
1 1 512 2 0.023529411764705882 0.020427781783225185 0.023494092952866773 0.021869170901138484 0.020454477767519432 274 4161 0.06584955539533766 0.3789764868603043
2 1 512 273 0.4187116564417178 0.1566931026195626 0.41189228341712764 0.2280454845659063 0.15766999036418078 274 4161 0.06584955539533766 0.3789764868603043
12 1 512 274 0.3789764868603043 0.17375630857966834 0.37459601137655324 0.2382690368242823 0.17469292493593763 274 4161 0.06584955539533766 0.3789764868603043
1 1 8 2 0.015625 0.030761836097092043 0.0157014966703548 0.020723710839472193 0.03046958226881487 149 4161 0.03580869983177121 0.3004032258064516
2 1 8 149 0.3900523560209424 0.09180485460225907 0.377897120564035 0.14862784676588595 0.09250517790508184 149 4161 0.03580869983177121 0.3004032258064516
12 1 8 149 0.3004032258064516 0.11920211487623167 0.29594899829665766 0.17067799839492842 0.11991829180073114 149 4161 0.03580869983177121 0.3004032258064516
1 1 64 3 0.031578947368421054 0.0228310502283105 0.03145960088875968 0.026501766784452294 0.022893842085379673 278 4161 0.06681086277337178 0.3716577540106952
2 1 64 276 0.4094955489614243 0.1619802931987503 0.40339250854237574 0.23213652858405 0.16295550839115197 278 4161 0.06681086277337178 0.3716577540106952
12 1 64 278 0.3716577540106952 0.17976447969238163 0.3677707792777921 0.24232197648144632 0.18068816682408298 278 4161 0.06681086277337178 0.3716577540106952
1 1 256 2 0.03389830508474576 0.014179283826003364 0.03343789103927367 0.019994916546640682 0.014261422719913458 278 4161 0.06681086277337178 0.36578947368421055
2 1 256 277 0.3884992987377279 0.17135304013458302 0.3836852085720314 0.23781462113011345 0.17230658827003495 278 4161 0.06681086277337178 0.36578947368421055
12 1 256 278 0.36578947368421055 0.182648401826484 0.36219372423716867 0.2436405863149361 0.1835583303370052 278 4161 0.06681086277337178 0.36578947368421055
1 1 32 8 0.047619047619047616 0.04037490987743331 0.04753460462067285 0.04369879047990636 0.040435814578626786 247 4161 0.0593607305936073 0.36538461538461536
2 1 32 243 0.46110056925996207 0.12665224705599615 0.44935209369447765 0.19872103236058133 0.12756837262567505 247 4161 0.0593607305936073 0.36538461538461536
12 1 32 247 0.36538461538461536 0.16246094688776735 0.3609211244932544 0.22491703951458264 0.163359212356247 247 4161 0.0593607305936073 0.36538461538461536
1 1 2 5 0.10204081632653061 0.011776015380918048 0.09484295049922387 0.021115228820132722 0.011880065351161673 72 4161 0.017303532804614274 0.18798955613577023
2 1 2 67 0.19705882352941176 0.08171112713290074 0.1943425453975986 0.1155210491218017 0.0821874453013649 72 4161 0.017303532804614274 0.18798955613577023
12 1 2 72 0.18798955613577023 0.0920451814467676 0.18606924465069694 0.12358133104479016 0.09251266421662553 72 4161 0.017303532804614274 0.18798955613577023
1 1 128 1 0.014492753623188406 0.01658255227108868 0.014510859720027235 0.015467383994620039 0.016558911374539336 275 4161 0.06608988223984619 0.3721244925575101
2 1 128 274 0.4023494860499266 0.16366258111031 0.39662238241455855 0.23267898059387418 0.16462954788943251 275 4161 0.06608988223984619 0.3721244925575101
12 1 128 275 0.3721244925575101 0.17760153809180484 0.3681323436109324 0.24044661724235028 0.17852551586593937 275 4161 0.06608988223984619 0.3721244925575101
1 1 1024 2 0.029411764705882353 0.016342225426580148 0.02918070538449446 0.021010350687471032 0.016414443180405917 279 4161 0.06705118961788031 0.37907608695652173
2 1 1024 278 0.4088235294117647 0.16342225426580148 0.4028343035614377 0.23350408051592247 0.16439931047665624 279 4161 0.06705118961788031 0.37907608695652173
12 1 1024 279 0.37907608695652173 0.17688055755827925 0.3748337151870923 0.24121013852221435 0.1778196395487969 279 4161 0.06705118961788031 0.37907608695652173
1 1 16 12 0.047244094488188976 0.061043018505167024 0.04735007072179295 0.05326436460226478 0.06086700004507964 93 4161 0.022350396539293438 0.16062176165803108
2 1 16 87 0.24233983286908078 0.08627733717856284 0.23807603968783045 0.12725102263652807 0.08683097666334219 93 4161 0.022350396539293438 0.16062176165803108
12 1 16 93 0.16062176165803108 0.1391492429704398 0.16037673004331066 0.149116466864392 0.13933366521026647 93 4161 0.022350396539293438 0.16062176165803108
1 2 4 14 0.046822742474916385 0.07185772650805095 0.046984815222872976 0.05669973925705191 0.07147932787595052 62 4161 0.014900264359528959 0.14657210401891252
2 2 4 52 0.36619718309859156 0.034126411920211486 0.33401708727984764 0.06243447086278621 0.03443558505088615 62 4161 0.014900264359528959 0.14657210401891252
12 2 4 62 0.14657210401891252 0.10165825522710886 0.14593373479040853 0.12005190988553732 0.10196761928541064 62 4161 0.014900264359528959 0.14657210401891252
1 2 512 5 0.03676470588235294 0.032684450853160296 0.036719320147240844 0.034604717437215333 0.03272040537476012 201 4161 0.04830569574621485 0.3338870431893688
2 2 512 198 0.4024390243902439 0.11824080749819754 0.39308456741870784 0.18277917560242488 0.11907336553282963 201 4161 0.04830569574621485 0.3338870431893688
12 2 512 201 0.3338870431893688 0.14467676039413602 0.3296189222138364 0.20187776586737183 0.14549309116267115 201 4161 0.04830569574621485 0.3338870431893688
1 2 8 4 0.09523809523809523 0.010093727469358327 0.08789705973767639 0.018252933507170794 0.010183871455631016 234 4161 0.05623648161499639 0.34411764705882353
2 2 8 231 0.3581395348837209 0.15501081470800288 0.3535523975117666 0.21637128816394813 0.1558862124019625 234 4161 0.05623648161499639 0.34411764705882353
12 2 8 234 0.34411764705882353 0.16342225426580148 0.34039121801874606 0.2216041791718254 0.16427632480082754 234 4161 0.05623648161499639 0.34411764705882353
1 2 64 4 0.037037037037037035 0.02595529920692141 0.0368811303721586 0.03052140737600678 0.026032418809782923 139 4161 0.03340543138668589 0.3255269320843091
2 2 64 139 0.42249240121580545 0.07906753184330689 0.40507252852647213 0.13320614022312197 0.07970903532644219 139 4161 0.03340543138668589 0.3255269320843091
12 2 64 139 0.3255269320843091 0.10261956260514299 0.31867333422676897 0.1560467354096447 0.10332005066715612 139 4161 0.03340543138668589 0.3255269320843091
1 2 256 3 0.037037037037037035 0.01946647440519106 0.03670898003688398 0.02551984877126654 0.01955834152149123 208 4161 0.04998798365777457 0.39097744360902253
2 2 256 205 0.44086021505376344 0.11175198269646719 0.4283696851305454 0.1783058836732976 0.11258411731740194 208 4161 0.04998798365777457 0.39097744360902253
12 2 256 208 0.39097744360902253 0.1278538812785388 0.3831698750351757 0.1926945473795659 0.1287115194079074 208 4161 0.04998798365777457 0.39097744360902253
1 2 32 2 0.017857142857142856 0.026916606584955538 0.017916849472805575 0.02147033451547973 0.02678207835746688 208 4161 0.04998798365777457 0.3072378138847858
2 2 32 206 0.3515358361774744 0.1408315308819995 0.34640443954424677 0.2010991518971948 0.14167228174168167 208 4161 0.04998798365777457 0.3072378138847858
12 2 32 208 0.3072378138847858 0.1627012737322759 0.30455903531402406 0.21274239566344894 0.16346265143399918 208 4161 0.04998798365777457 0.3072378138847858
1 2 2 6 0.041666666666666664 0.03460706560922855 0.04158268074485148 0.037810161480898 0.034665217515659416 157 4161 0.03773131458783946 0.27399650959860383
2 2 2 157 0.3473451327433628 0.10862773371785628 0.33994848242078457 0.16549806957010474 0.1093719642695499 157 4161 0.03773131458783946 0.27399650959860383
12 2 2 157 0.27399650959860383 0.1377072819033886 0.2713376627018366 0.18329350065097402 0.13838882945540307 157 4161 0.03773131458783946 0.27399650959860383
1 2 128 3 0.020134228187919462 0.03580869983177121 0.020221868571067683 0.025775573751585745 0.035534800838409424 75 4161 0.01802451333813987 0.24834437086092714
2 2 128 72 0.4585987261146497 0.03773131458783946 0.4129887154674349 0.06972591374934076 0.03807729954883377 75 4161 0.01802451333813987 0.24834437086092714
12 2 128 75 0.24834437086092714 0.07257870704157654 0.24252913471808832 0.11232918153437198 0.07309088580792356 75 4161 0.01802451333813987 0.24834437086092714
1 2 1024 0 0.0 0.0067291516462388845 0 0 0 110 4161 0.026435952895938475 0.3013698630136986
2 2 1024 110 0.3225806451612903 0.08195145397740927 0.3134676120177299 0.13069891339759682 0.0825612221390934 110 4161 0.026435952895938475 0.3013698630136986
12 2 1024 110 0.3013698630136986 0.08771929824561403 0.29427345446840064 0.13588634959851761 0.08833936309784121 110 4161 0.026435952895938475 0.3013698630136986
1 2 16 4 0.037037037037037035 0.02595529920692141 0.0368811303721586 0.03052140737600678 0.026032418809782923 206 4161 0.04950732996875751 0.3931297709923664
2 2 16 204 0.47113163972286376 0.10406152367219418 0.4552326022832016 0.17047030249929315 0.10487050546156321 206 4161 0.04950732996875751 0.3931297709923664
12 2 16 206 0.3931297709923664 0.12593126652247055 0.38504093588483124 0.1907572573961203 0.1267844505347851 206 4161 0.04950732996875751 0.3931297709923664
1 9 4 15 0.06382978723404255 0.056476808459504924 0.06374761298963368 0.05992859571574294 0.05654129726167174 137 4161 0.03292477769766883 0.28482328482328484
2 9 4 136 0.4981684981684982 0.06560922855082912 0.46764227447611834 0.11594800327907247 0.06617816361387996 137 4161 0.03292477769766883 0.28482328482328484
12 9 4 137 0.28482328482328484 0.1155972122086037 0.28075394084330074 0.16445101058374031 0.11628125001037352 137 4161 0.03292477769766883 0.28482328482328484
1 9 512 0 0 0.0 0 0 0 182 4161 0.04373948570055275 0.36472945891783565
2 9 512 182 0.364 0.1201634222542658 0.3568308513057773 0.18068066974948924 0.12096572528106006 182 4161 0.04373948570055275 0.36472945891783565
12 9 512 182 0.36472945891783565 0.11992309540975726 0.35750377220577517 0.1804983190947458 0.1207253811474011 182 4161 0.04373948570055275 0.36472945891783565
1 9 8 6 0.0759493670886076 0.018985820716173996 0.07375829268518147 0.03037779985259717 0.019127863096377273 228 4161 0.0547945205479452 0.34182908545727136
2 9 8 224 0.3739565943238731 0.14395577986061042 0.3681330986138168 0.20788541017069948 0.14483778002037317 228 4161 0.0547945205479452 0.34182908545727136
12 9 8 228 0.34182908545727136 0.16029800528719057 0.33803883338225027 0.2182496087462875 0.16114530735858185 228 4161 0.0547945205479452 0.34182908545727136
1 9 64 2 0.1 0.004806536890170632 0.08360581101775588 0.009172208209126346 0.0048522699975978864 34 4161 0.008171112713290074 0.22666666666666666
2 9 64 32 0.24242424242424243 0.03172314347512617 0.2274658340584532 0.056104558495377745 0.03199850232032344 34 4161 0.008171112713290074 0.22666666666666666
12 9 64 34 0.22666666666666666 0.03604902667627974 0.21539017359168447 0.06220498371693073 0.03635170325831516 34 4161 0.008171112713290074 0.22666666666666666
1 9 256 0 0.0 0.0004806536890170632 0 0 0 198 4161 0.047584715212689255 0.35611510791366907
2 9 256 198 0.3567567567567568 0.13338139870223503 0.3509377520245916 0.19416858158340422 0.13421342613124665 198 4161 0.047584715212689255 0.35611510791366907
12 9 256 198 0.35611510791366907 0.13362172554674356 0.3503393684904642 0.1943276958625401 0.13445344577216256 198 4161 0.047584715212689255 0.35611510791366907
1 9 32 6 0.06666666666666667 0.021629416005767843 0.06532002500700627 0.0326619488296135 0.02177506288178225 32 4161 0.007690459024273011 0.13559322033898305
2 9 32 26 0.17105263157894737 0.0365296803652968 0.16503527267585275 0.0602026049204052 0.03681635285375804 32 4161 0.007690459024273011 0.13559322033898305
12 9 32 32 0.13559322033898305 0.056717135304013455 0.1337515641570947 0.07997966618656273 0.05704569087965383 32 4161 0.007690459024273011 0.13559322033898305
1 9 2 0 0.0 0.0007209805335255948 0 0 0 163 4161 0.03917327565489065 0.42118863049095606
2 9 2 163 0.42337662337662335 0.09252583513578466 0.4089000765963283 0.1518631090374945 0.0932473083793783 163 4161 0.03917327565489065 0.42118863049095606
12 9 2 163 0.42118863049095606 0.09300648882480173 0.4069704760921059 0.15236735699482615 0.09372958090827253 163 4161 0.03917327565489065 0.42118863049095606
1 9 128 0 0 0.0 0 0 0 63 4161 0.01514059120403749 0.4090909090909091
2 9 128 63 0.4064516129032258 0.037250660898822396 0.3701302575992356 0.0682466243605155 0.03758871802982851 63 4161 0.01514059120403749 0.4090909090909091
12 9 128 63 0.4090909090909091 0.037010334054313865 0.3720568028087783 0.06787961897299018 0.03734664999060904 63 4161 0.01514059120403749 0.4090909090909091
1 9 1024 0 0.0 0.0002403268445085316 0 0 0 154 4161 0.037010334054313865 0.33698030634573306
2 9 1024 154 0.33698030634573306 0.10982936794039894 0.3302182963299581 0.16566487336446012 0.11056729823206103 154 4161 0.037010334054313865 0.33698030634573306
12 9 1024 154 0.33698030634573306 0.10982936794039894 0.3302182963299581 0.16566487336446012 0.11056729823206103 154 4161 0.037010334054313865 0.33698030634573306
1 9 16 0 0.0 0.0019226147560682527 0 0 0 137 4161 0.03292477769766883 0.33414634146341465
2 9 16 137 0.33827160493827163 0.0973323720259553 0.3301791827831245 0.15116839808086832 0.09802364800600316 137 4161 0.03292477769766883 0.33414634146341465
12 9 16 137 0.33414634146341465 0.09853400624849795 0.32641837710888977 0.15218984579161343 0.09922674371827654 137 4161 0.03292477769766883 0.33414634146341465
1 10 4 1 0.0625 0.0038452295121365054 0.05429925069722119 0.007244736246321032 0.0038812938927264163 78 4161 0.018745493871665464 0.3466666666666667
2 10 4 78 0.3696682464454976 0.050708964191300165 0.3479960256731799 0.0891841584051111 0.051145894835931 78 4161 0.018745493871665464 0.3466666666666667
12 10 4 78 0.3466666666666667 0.05407354001441961 0.3290385958346838 0.09355434547940604 0.05452921999266297 78 4161 0.018745493871665464 0.3466666666666667
1 10 512 2 0.04081632653061224 0.011776015380918048 0.0398434921222758 0.018278466846964467 0.011859559238486412 163 4161 0.03917327565489065 0.31226053639846746
2 10 512 161 0.3333333333333333 0.11607786589762076 0.3272687020749894 0.17219251336898395 0.11683179698670096 163 4161 0.03917327565489065 0.31226053639846746
12 10 512 163 0.31226053639846746 0.1254506128334535 0.3077235598994122 0.17899144549381682 0.12619811825474753 163 4161 0.03917327565489065 0.31226053639846746
1 10 8 10 0.04524886877828054 0.05311223263638548 0.045315294647878174 0.04886623696808216 0.05302100483129885 108 4161 0.02595529920692141 0.2317596566523605
2 10 8 103 0.3828996282527881 0.064647921172795 0.36510407540664114 0.11061915104283113 0.06518434458765962 108 4161 0.02595529920692141 0.2317596566523605
12 10 8 108 0.2317596566523605 0.11199230954097572 0.2293314122254431 0.15101178616865502 0.11256827338568583 108 4161 0.02595529920692141 0.2317596566523605
1 10 64 0 0.0 0.0002403268445085316 0 0 0 166 4161 0.039894256188416244 0.4213197969543147
2 10 64 166 0.4213197969543147 0.09468877673636145 0.4074054018649928 0.15462633073353177 0.09542121177960843 166 4161 0.039894256188416244 0.4213197969543147
12 10 64 166 0.4213197969543147 0.09468877673636145 0.4074054018649928 0.15462633073353177 0.09542121177960843 166 4161 0.039894256188416244 0.4213197969543147
1 10 256 0 0 0.0 0 0 0 52 4161 0.012496995914443643 0.29714285714285715
2 10 256 52 0.29714285714285715 0.04205719778899303 0.2803098138628162 0.07368510548711117 0.04241773228277411 52 4161 0.012496995914443643 0.29714285714285715
12 10 256 52 0.29714285714285715 0.04205719778899303 0.2803098138628162 0.07368510548711117 0.04241773228277411 52 4161 0.012496995914443643 0.29714285714285715
1 10 32 4 0.07407407407407407 0.012977649603460706 0.07077510024526025 0.022085889570552148 0.013084502277912524 122 4161 0.029319875030040854 0.32972972972972975
2 10 32 120 0.3715170278637771 0.0776255707762557 0.35809378150092114 0.12841899845771299 0.07823835357705798 122 4161 0.029319875030040854 0.32972972972972975
12 10 32 122 0.32972972972972975 0.08892093246815669 0.32111952111484426 0.14006845170679333 0.08956859478478853 122 4161 0.029319875030040854 0.32972972972972975
1 10 2 1 0.05555555555555555 0.004325883201153569 0.049725116927873965 0.008026755852842809 0.004365742608495187 18 4161 0.004325883201153569 0.13953488372093023
2 10 2 17 0.15178571428571427 0.026916606584955538 0.1451200894699944 0.04572471512109605 0.027137648661265404 18 4161 0.004325883201153569 0.13953488372093023
12 10 2 18 0.13953488372093023 0.031002162941600575 0.13486041962095416 0.05073247468292203 0.031242768710231652 18 4161 0.004325883201153569 0.13953488372093023
1 10 128 2 1.0 0.0004806536890170632 0.046319651456088046 0.0009608455440787892 0.0004854578925359647 115 4161 0.027637587118481133 0.3898305084745763
2 10 128 113 0.3843537414965986 0.07065609228550829 0.36816965230612547 0.11936855607595005 0.07123170732328649 115 4161 0.027637587118481133 0.3898305084745763
12 10 128 115 0.3898305084745763 0.07089641913001682 0.37320764643124976 0.11997383032146267 0.07147539478947257 115 4161 0.027637587118481133 0.3898305084745763
1 10 1024 0 0 0.0 0 0 0 167 4161 0.040134583032924775 0.32938856015779094
2 10 1024 167 0.328740157480315 0.12208603701033405 0.3233215051027522 0.17804902875383938 0.12285066013958726 167 4161 0.040134583032924775 0.32938856015779094
12 10 1024 167 0.32938856015779094 0.12184571016582552 0.3239256816731135 0.17788800927793463 0.12261061244033666 167 4161 0.040134583032924775 0.32938856015779094
1 10 16 0 0.0 0.0014419610670511895 0 0 0 129 4161 0.031002162941600575 0.25697211155378485
2 10 16 129 0.258 0.1201634222542658 0.25510275007774086 0.16396172192854572 0.12080241957167943 129 4161 0.031002162941600575 0.25697211155378485
12 10 16 129 0.25697211155378485 0.12064407594328286 0.25412888262885475 0.16419933238079903 0.12128112227164861 129 4161 0.031002162941600575 0.25697211155378485
