1 8 4 14 0.046511627906976744 0.07233838019706801 0.04667662606650279 0.056618857277216085 0.07194285464116723 14 4161 0.0033645758231194423 0.046052631578947366
21 8 4 0 0.0 0.0016822879115597211 0 0 0 14 4161 0.0033645758231194423 0.046052631578947366
22 8 4 0 0.0 0.004085556356645037 0 0 0 14 4161 0.0033645758231194423 0.046052631578947366
12 8 4 14 0.046052631578947366 0.0730593607305936 0.046221800901390504 0.05649432534678436 0.07263760819870033 14 4161 0.0033645758231194423 0.046052631578947366
1 8 512 0 0.0 0.0014419610670511895 0 0 0 70 4161 0.01682287911559721 0.24561403508771928
21 8 512 70 0.25089605734767023 0.06705118961788031 0.24426496866397454 0.10582182595479409 0.06754119976205314 70 4161 0.01682287911559721 0.24561403508771928
22 8 512 0 0.0 0.004085556356645037 0 0 0 70 4161 0.01682287911559721 0.24561403508771928
12 8 512 70 0.24561403508771928 0.0684931506849315 0.23948241989025132 0.10711553175210406 0.06898570522515489 70 4161 0.01682287911559721 0.24561403508771928
1 8 8 0 0.0 0.0004806536890170632 0 0 0 28 4161 0.0067291516462388845 0.17073170731707318
21 8 8 28 0.17177914110429449 0.03917327565489065 0.1662085059248405 0.06379781516246497 0.039474987901812475 28 4161 0.0067291516462388845 0.17073170731707318
22 8 8 0 0.0 0.004085556356645037 0 0 0 28 4161 0.0067291516462388845 0.17073170731707318
12 8 8 28 0.17073170731707318 0.03941360249939918 0.1652794546753012 0.06404284399319406 0.03971605357769204 28 4161 0.0067291516462388845 0.17073170731707318
1 8 64 0 0.0 0.001201634222542658 0 0 0 34 4161 0.008171112713290074 0.2463768115942029
21 8 64 34 0.2556390977443609 0.0319634703196347 0.23907465239790743 0.05682225140265011 0.03224279070890412 34 4161 0.008171112713290074 0.2463768115942029
22 8 64 0 0.0 0.004085556356645037 0 0 0 34 4161 0.008171112713290074 0.2463768115942029
12 8 64 34 0.2463768115942029 0.03316510454217736 0.23163303311934164 0.05846073337569618 0.03345172578241935 34 4161 0.008171112713290074 0.2463768115942029
1 8 256 0 0 0.0 0 0 0 23 4161 0.0055275174236962266 0.21495327102803738
21 8 256 23 0.21495327102803738 0.02571497236241288 0.20035498866277124 0.045934746901597726 0.025941088625886566 23 4161 0.0055275174236962266 0.21495327102803738
22 8 256 0 0.0 0.004085556356645037 0 0 0 23 4161 0.0055275174236962266 0.21495327102803738
12 8 256 23 0.21495327102803738 0.02571497236241288 0.20035498866277124 0.045934746901597726 0.025941088625886566 23 4161 0.0055275174236962266 0.21495327102803738
1 8 32 1 0.0196078431372549 0.012256669069935111 0.019492093044376584 0.015084294587400177 0.012302335079209269 70 4161 0.01682287911559721 0.2527075812274368
21 8 32 69 0.296137339055794 0.05599615477048786 0.2840753049898977 0.09418332854908347 0.05644937705780414 70 4161 0.01682287911559721 0.2527075812274368
22 8 32 0 0.0 0.004085556356645037 0 0 0 70 4161 0.01682287911559721 0.2527075812274368
12 8 32 70 0.2527075812274368 0.06657053592886325 0.2459000749607304 0.10538072114326398 0.06705958680824631 70 4161 0.01682287911559721 0.2527075812274368
1 8 2 0 0.0 0.0002403268445085316 0 0 0 25 4161 0.00600817111271329 0.17857142857142858
21 8 2 25 0.17985611510791366 0.03340543138668589 0.17237399472036344 0.056345564509590905 0.03367693611318022 25 4161 0.00600817111271329 0.17857142857142858
22 8 2 0 0.0 0.004085556356645037 0 0 0 25 4161 0.00600817111271329 0.17857142857142858
12 8 2 25 0.17857142857142858 0.03364575823119442 0.17126730538632043 0.056622851365015166 0.03391830821043743 25 4161 0.00600817111271329 0.17857142857142858
1 8 128 0 0.0 0.0002403268445085316 0 0 0 74 4161 0.017784186493631338 0.23948220064724918
21 8 128 74 0.23948220064724918 0.07426099495313626 0.234320486963594 0.11336779087494887 0.07477174532449554 74 4161 0.017784186493631338 0.23948220064724918
22 8 128 0 0.0 0.004085556356645037 0 0 0 74 4161 0.017784186493631338 0.23948220064724918
12 8 128 74 0.23948220064724918 0.07426099495313626 0.234320486963594 0.11336779087494887 0.07477174532449554 74 4161 0.017784186493631338 0.23948220064724918
1 8 1024 0 0.0 0.0004806536890170632 0 0 0 23 4161 0.0055275174236962266 0.22772277227722773
21 8 1024 23 0.23232323232323232 0.023792357606344627 0.2137724100044339 0.04316424021838034 0.024005696808415695 23 4161 0.0055275174236962266 0.22772277227722773
22 8 1024 0 0.0 0.004085556356645037 0 0 0 23 4161 0.0055275174236962266 0.22772277227722773
12 8 1024 23 0.22772277227722773 0.02427301129536169 0.21027278112713443 0.04386991992748149 0.024489637859230952 23 4161 0.0055275174236962266 0.22772277227722773
1 8 16 0 0.0 0.0026435952895938475 0 0 0 71 4161 0.017063205960105743 0.2526690391459075
21 8 16 71 0.26199261992619927 0.06512857486181206 0.25437962094793515 0.10432345095317616 0.06561674437268011 71 4161 0.017063205960105743 0.2526690391459075
22 8 16 0 0.0 0.004085556356645037 0 0 0 71 4161 0.017063205960105743 0.2526690391459075
12 8 16 71 0.2526690391459075 0.06753184330689738 0.24599198855500884 0.10657813201136776 0.06802534772985579 71 4161 0.017063205960105743 0.2526690391459075
1 3 4 4 0.06349206349206349 0.01514059120403749 0.06154605072253497 0.024450589433852424 0.015255617911864822 42 4161 0.010093727469358327 0.1935483870967742
21 3 4 38 0.24203821656050956 0.03773131458783946 0.22972240373493433 0.06528530861698227 0.03804931269629953 42 4161 0.010093727469358327 0.1935483870967742
22 3 4 0 0.0 0.004085556356645037 0 0 0 42 4161 0.010093727469358327 0.1935483870967742
12 3 4 42 0.1935483870967742 0.052150925258351355 0.1884884744275914 0.08216325371533147 0.05253089188907401 42 4161 0.010093727469358327 0.1935483870967742
1 3 512 1 0.0625 0.0038452295121365054 0.05429925069722119 0.007244736246321032 0.0038812938927264163 93 4161 0.022350396539293438 0.31208053691275167
21 3 512 92 0.32167832167832167 0.06873347752944003 0.3103695547469568 0.11326537640333356 0.06927279610799948 93 4161 0.022350396539293438 0.31208053691275167
22 3 512 0 0.0 0.004085556356645037 0 0 0 93 4161 0.022350396539293438 0.31208053691275167
12 3 512 93 0.31208053691275167 0.07161739966354241 0.30203963949654344 0.1164999569125872 0.07216795994771735 93 4161 0.022350396539293438 0.31208053691275167
1 3 8 3 0.125 0.005767844268204758 0.1037626813920637 0.011026878015161957 0.0058228358940359175 30 4161 0.007209805335255948 0.17543859649122806
21 3 8 28 0.18666666666666668 0.03604902667627974 0.17925145404114418 0.0604281767955801 0.03633933849040116 30 4161 0.007209805335255948 0.17543859649122806
22 3 8 0 0.0 0.004085556356645037 0 0 0 30 4161 0.007209805335255948 0.17543859649122806
12 3 8 30 0.17543859649122806 0.0410958904109589 0.16993830622546272 0.06659267480577137 0.041409848163890074 30 4161 0.007209805335255948 0.17543859649122806
1 3 64 2 0.07407407407407407 0.006488824801730353 0.06714929452611362 0.011932383162081539 0.006547977078478478 66 4161 0.015861571737563085 0.2619047619047619
21 3 64 65 0.28634361233480177 0.05455419370343667 0.2747841976337569 0.09164767045348671 0.05499495922747739 66 4161 0.015861571737563085 0.2619047619047619
22 3 64 0 0.0 0.004085556356645037 0 0 0 66 4161 0.015861571737563085 0.2619047619047619
12 3 64 66 0.2619047619047619 0.06056236481614996 0.25355855207209754 0.09837636412030874 0.06102687107481683 66 4161 0.015861571737563085 0.2619047619047619
1 3 256 0 0.0 0.0016822879115597211 0 0 0 98 4161 0.023552030761836096 0.36162361623616235
21 3 256 98 0.3684210526315789 0.0639269406392694 0.3518288131375964 0.10894941634241245 0.06445437141033823 98 4161 0.023552030761836096 0.36162361623616235
22 3 256 0 0.0 0.004085556356645037 0 0 0 98 4161 0.023552030761836096 0.36162361623616235
12 3 256 98 0.36162361623616235 0.06512857486181206 0.3460268595558393 0.11037801915551963 0.06566160376865908 98 4161 0.023552030761836096 0.36162361623616235
1 3 32 2 0.046511627906976744 0.010334054313866858 0.044953473206984715 0.016910824894307345 0.010414256236743883 85 4161 0.020427781783225185 0.2786885245901639
21 3 32 83 0.31203007518796994 0.0639269406392694 0.3004836434301047 0.10611387607871786 0.06443420093289645 85 4161 0.020427781783225185 0.2786885245901639
22 3 32 0 0.0 0.004085556356645037 0 0 0 85 4161 0.020427781783225185 0.2786885245901639
12 3 32 85 0.2786885245901639 0.07329968757510213 0.27116557936700675 0.11607082894943029 0.0738384770536518 85 4161 0.020427781783225185 0.2786885245901639
1 3 2 11 0.06077348066298342 0.04349915885604422 0.060535463297641603 0.05070544491417511 0.04362192265667012 68 4161 0.016342225426580148 0.2
21 3 2 59 0.34911242603550297 0.04061523672194184 0.32469413357432736 0.07276508793694811 0.04097372085257901 68 4161 0.016342225426580148 0.2
22 3 2 0 0.0 0.004085556356645037 0 0 0 68 4161 0.016342225426580148 0.2
12 3 2 68 0.2 0.08171112713290074 0.1971738793415288 0.11602115679918101 0.08219243657252273 68 4161 0.016342225426580148 0.2
1 3 128 0 0.0 0.002403268445085316 0 0 0 87 4161 0.02090843547224225 0.30851063829787234
21 3 128 87 0.3175182481751825 0.06584955539533766 0.30594132591373363 0.10907768089813605 0.06637040652142079 87 4161 0.02090843547224225 0.30851063829787234
22 3 128 0 0.0 0.004085556356645037 0 0 0 87 4161 0.02090843547224225 0.30851063829787234
12 3 128 87 0.30851063829787234 0.06777217015140591 0.29802895143333735 0.1111314947308343 0.06829985393695473 87 4161 0.02090843547224225 0.30851063829787234
1 3 1024 1 0.02857142857142857 0.008411439557798606 0.02790914330377938 0.012996658002228 0.008470616426046846 74 4161 0.017784186493631338 0.25517241379310346
21 3 1024 75 0.2862595419847328 0.06296563326123528 0.27654942015404493 0.10322573866815157 0.06345571244332421 74 4161 0.017784186493631338 0.25517241379310346
22 3 1024 0 0.0 0.004085556356645037 0 0 0 74 4161 0.017784186493631338 0.25517241379310346
12 3 1024 74 0.25517241379310346 0.06969478490747416 0.24862140186287685 0.10948588570816348 0.07019999676118606 74 4161 0.017784186493631338 0.25517241379310346
1 3 16 0 0.0 0.01201634222542658 0 0 0 30 4161 0.007209805335255948 0.2097902097902098
21 3 16 30 0.3191489361702128 0.02259072338380197 0.28243903890205563 0.04219472416321278 0.02280049145698038 30 4161 0.007209805335255948 0.2097902097902098
22 3 16 0 0.0 0.004085556356645037 0 0 0 30 4161 0.007209805335255948 0.2097902097902098
12 3 16 30 0.2097902097902098 0.03436673876472002 0.19969765823397378 0.059058776560962006 0.034653638368101466 30 4161 0.007209805335255948 0.2097902097902098
1 5 4 9 0.06040268456375839 0.03580869983177121 0.05999471107825346 0.044962279966471085 0.035953641805728055 19 4161 0.0045662100456621 0.09268292682926829
21 5 4 10 0.16393442622950818 0.014659937515020427 0.14892074158226776 0.02691314994154111 0.01479330788304907 19 4161 0.0045662100456621 0.09268292682926829
22 5 4 0 0.0 0.004085556356645037 0 0 0 19 4161 0.0045662100456621 0.09268292682926829
12 5 4 19 0.09268292682926829 0.049267003124248976 0.09188125166557322 0.06433550262627598 0.04949656671395364 19 4161 0.0045662100456621 0.09268292682926829
1 5 512 0 0 0.0 0 0 0 21 4161 0.005046863734679163 0.25925925925925924
21 5 512 21 0.25925925925925924 0.01946647440519106 0.23107651708651597 0.03621383406782908 0.019646387664427473 21 4161 0.005046863734679163 0.25925925925925924
22 5 512 0 0.0 0.004085556356645037 0 0 0 21 4161 0.005046863734679163 0.25925925925925924
12 5 512 21 0.25925925925925924 0.01946647440519106 0.23107651708651597 0.03621383406782908 0.019646387664427473 21 4161 0.005046863734679163 0.25925925925925924
1 5 8 1 0.041666666666666664 0.005767844268204758 0.03924806916986448 0.01013299556681444 0.0058174696886789746 84 4161 0.020187454938716654 0.27722772277227725
21 5 8 83 0.29642857142857143 0.06729151646238885 0.2867606482449221 0.10968395069885761 0.06781049669649021 84 4161 0.020187454938716654 0.27722772277227725
22 5 8 0 0.0 0.004085556356645037 0 0 0 84 4161 0.020187454938716654 0.27722772277227725
12 5 8 84 0.27722772277227725 0.07281903388608507 0.2697311263381357 0.11534147684401574 0.07335454482650758 84 4161 0.020187454938716654 0.27722772277227725
1 5 64 0 0.0 0.0009613073780341264 0 0 0 86 4161 0.020668108627733717 0.3510204081632653
21 5 64 86 0.35537190082644626 0.058159096371064645 0.3382569663318768 0.09995917485170865 0.05864471116444966 86 4161 0.020668108627733717 0.3510204081632653
22 5 64 0 0.0 0.004085556356645037 0 0 0 86 4161 0.020668108627733717 0.3510204081632653
12 5 64 86 0.3510204081632653 0.05888007690459024 0.33458399904659275 0.10084451900227583 0.05936929176968653 86 4161 0.020668108627733717 0.3510204081632653
1 5 256 0 0.0 0.0002403268445085316 0 0 0 37 4161 0.008892093246815669 0.3162393162393162
21 5 256 37 0.31896551724137934 0.027877913962989664 0.289080041638964 0.05127439326695059 0.028132105353466465 37 4161 0.008892093246815669 0.3162393162393162
22 5 256 0 0.0 0.004085556356645037 0 0 0 37 4161 0.008892093246815669 0.3162393162393162
12 5 256 37 0.3162393162393162 0.028118240807498196 0.28711100254324606 0.05164453670233707 0.02837419446027354 37 4161 0.008892093246815669 0.3162393162393162
1 5 32 1 0.015873015873015872 0.01514059120403749 0.015865416981456687 0.015498154981549815 0.015147511480256814 71 4161 0.017063205960105743 0.21580547112462006
21 5 32 70 0.2564102564102564 0.06560922855082912 0.24923393985410958 0.10448360985131179 0.06609619653820181 71 4161 0.017063205960105743 0.21580547112462006
22 5 32 0 0.0 0.004085556356645037 0 0 0 71 4161 0.017063205960105743 0.21580547112462006
12 5 32 71 0.21580547112462006 0.07906753184330689 0.21217252778017345 0.11573257496185022 0.07956668806311322 71 4161 0.017063205960105743 0.21580547112462006
1 5 2 1 0.045454545454545456 0.005287190579187695 0.04227469035977245 0.009472551130247578 0.005333858237474313 121 4161 0.029079548185532322 0.28809523809523807
21 5 2 120 0.2977667493796526 0.09685171833693823 0.2917739432337209 0.1461625529484124 0.09750309660305603 121 4161 0.029079548185532322 0.28809523809523807
22 5 2 0 0.0 0.004085556356645037 0 0 0 121 4161 0.029079548185532322 0.28809523809523807
12 5 2 121 0.28809523809523807 0.10093727469358327 0.2829016107768955 0.14949675016657327 0.1015907134162634 121 4161 0.029079548185532322 0.28809523809523807
1 5 128 0 0.0 0.0004806536890170632 0 0 0 46 4161 0.011055034847392453 0.359375
21 5 128 46 0.359375 0.030761836097092043 0.3250005738313242 0.0566726021463978 0.031042882324274008 46 4161 0.011055034847392453 0.359375
22 5 128 0 0.0 0.004085556356645037 0 0 0 46 4161 0.011055034847392453 0.359375
12 5 128 46 0.359375 0.030761836097092043 0.3250005738313242 0.0566726021463978 0.031042882324274008 46 4161 0.011055034847392453 0.359375
1 5 1024 0 0.0 0.0002403268445085316 0 0 0 17 4161 0.004085556356645037 0.2328767123287671
21 5 1024 17 0.2328767123287671 0.017543859649122806 0.20764300399080904 0.03262955854126679 0.017705959390758252 17 4161 0.004085556356645037 0.2328767123287671
22 5 1024 0 0.0 0.004085556356645037 0 0 0 17 4161 0.004085556356645037 0.2328767123287671
12 5 1024 17 0.2328767123287671 0.017543859649122806 0.20764300399080904 0.03262955854126679 0.017705959390758252 17 4161 0.004085556356645037 0.2328767123287671
1 5 16 10 0.04878048780487805 0.049267003124248976 0.04878525768653499 0.04902253841095235 0.04926213857876172 47 4161 0.011295361691900985 0.15210355987055016
21 5 16 40 0.33613445378151263 0.02859889449651526 0.30379010957069014 0.05271288641812614 0.02886032858008756 47 4161 0.011295361691900985 0.15210355987055016
22 5 16 0 0.0 0.004085556356645037 0 0 0 47 4161 0.011295361691900985 0.15210355987055016
12 5 16 47 0.15210355987055016 0.07426099495313626 0.1505411668933267 0.09979797146862374 0.07463919653498001 47 4161 0.011295361691900985 0.15210355987055016
1 7 4 0 0.0 0.004085556356645037 0 0 0 127 4161 0.030521509252583512 0.2828507795100223
21 7 4 127 0.29128440366972475 0.10478250420571977 0.28624007302265164 0.1541229961185343 0.10545099485251154 127 4161 0.030521509252583512 0.2828507795100223
22 7 4 0 0.0 0.004085556356645037 0 0 0 127 4161 0.030521509252583512 0.2828507795100223
12 7 4 127 0.2828507795100223 0.10790675318433068 0.2783821889473437 0.15621712544928554 0.10857162311845268 127 4161 0.030521509252583512 0.2828507795100223
1 7 512 0 0 0.0 0 0 0 35 4161 0.008411439557798606 0.26119402985074625
21 7 512 35 0.26119402985074625 0.03220379716414323 0.2440147637972734 0.057338117622607605 0.032485781941117536 35 4161 0.008411439557798606 0.26119402985074625
22 7 512 0 0.0 0.004085556356645037 0 0 0 35 4161 0.008411439557798606 0.26119402985074625
12 7 512 35 0.26119402985074625 0.03220379716414323 0.2440147637972734 0.057338117622607605 0.032485781941117536 35 4161 0.008411439557798606 0.26119402985074625
1 7 8 3 0.09375 0.007690459024273011 0.08439891019559029 0.014214851558451173 0.007760997147257236 25 4161 0.00600817111271329 0.16233766233766234
21 7 8 23 0.18110236220472442 0.030521509252583512 0.17266796324248523 0.052239072895056866 0.03077485891774716 25 4161 0.00600817111271329 0.16233766233766234
22 7 8 0 0.0 0.004085556356645037 0 0 0 25 4161 0.00600817111271329 0.16233766233766234
12 7 8 25 0.16233766233766234 0.037010334054313865 0.15707144660439284 0.060278219209181076 0.037295409955059436 25 4161 0.00600817111271329 0.16233766233766234
1 7 64 3 0.03614457831325301 0.019947128094208122 0.035856301050923675 0.02570720627710097 0.020036026447013158 90 4161 0.021629416005767843 0.23622047244094488
21 7 64 88 0.2857142857142857 0.07402066810862773 0.2778467502076616 0.11757969078068334 0.07456769053018136 90 4161 0.021629416005767843 0.23622047244094488
22 7 64 0 0.0 0.004085556356645037 0 0 0 90 4161 0.021629416005767843 0.23622047244094488
12 7 64 90 0.23622047244094488 0.09156452775775054 0.2325824564372533 0.13197318969847072 0.09212308262445329 90 4161 0.021629416005767843 0.23622047244094488
1 7 256 0 0 0.0 0 0 0 62 4161 0.014900264359528959 0.2966507177033493
21 7 256 62 0.2966507177033493 0.0502283105022831 0.2829085174019829 0.0859104364804434 0.050644842765122246 62 4161 0.014900264359528959 0.2966507177033493
22 7 256 0 0.0 0.004085556356645037 0 0 0 62 4161 0.014900264359528959 0.2966507177033493
12 7 256 62 0.2966507177033493 0.0502283105022831 0.2829085174019829 0.0859104364804434 0.050644842765122246 62 4161 0.014900264359528959 0.2966507177033493
1 7 32 0 0.0 0.0004806536890170632 0 0 0 7 4161 0.0016822879115597211 0.19444444444444445
21 7 32 7 0.20588235294117646 0.008171112713290074 0.1660920215301913 0.015718389855694615 0.008249549737529926 7 4161 0.0016822879115597211 0.19444444444444445
22 7 32 0 0.0 0.004085556356645037 0 0 0 7 4161 0.0016822879115597211 0.19444444444444445
12 7 32 7 0.19444444444444445 0.008651766402307137 0.1603507909807405 0.01656641356868159 0.008734397713655064 7 4161 0.0016822879115597211 0.19444444444444445
1 7 2 4 0.032 0.03004085556356645 0.03197935083817562 0.030989494561343704 0.030059076501837766 50 4161 0.01201634222542658 0.199203187250996
21 7 2 46 0.3484848484848485 0.03172314347512617 0.31713212183642 0.058152564286740406 0.03201123456156021 50 4161 0.01201634222542658 0.199203187250996
22 7 2 0 0.0 0.004085556356645037 0 0 0 50 4161 0.01201634222542658 0.199203187250996
12 7 2 50 0.199203187250996 0.06032203797164143 0.1947634888562802 0.09260249916067456 0.06074132352207574 50 4161 0.01201634222542658 0.199203187250996
1 7 128 0 0.0 0.0021629416005767843 0 0 0 8 4161 0.0019226147560682527 0.14285714285714285
21 7 128 8 0.1702127659574468 0.011295361691900985 0.1494012305852361 0.02118488886384765 0.011400749742795651 8 4161 0.0019226147560682527 0.14285714285714285
22 7 128 0 0.0 0.004085556356645037 0 0 0 8 4161 0.0019226147560682527 0.14285714285714285
12 7 128 8 0.14285714285714285 0.013458303292477769 0.13043979613016304 0.024599165385460135 0.013580092774891235 8 4161 0.0019226147560682527 0.14285714285714285
1 7 1024 0 0.0 0.0002403268445085316 0 0 0 55 4161 0.013217976447969237 0.30386740331491713
21 7 1024 55 0.3055555555555556 0.043258832011535686 0.2882507340318347 0.07578802319572832 0.043629651931459686 55 4161 0.013217976447969237 0.30386740331491713
22 7 1024 0 0.0 0.004085556356645037 0 0 0 55 4161 0.013217976447969237 0.30386740331491713
12 7 1024 55 0.30386740331491713 0.04349915885604422 0.28686673580687916 0.07610390801785823 0.04387134783044839 55 4161 0.013217976447969237 0.30386740331491713
1 7 16 7 0.056451612903225805 0.029800528719057917 0.055956142965558134 0.039008606161382374 0.029940479687002666 47 4161 0.011295361691900985 0.18725099601593626
21 7 16 44 0.3142857142857143 0.03364575823119442 0.29031059911790674 0.06078427502910935 0.03394587516368398 47 4161 0.011295361691900985 0.18725099601593626
22 7 16 0 0.0 0.004085556356645037 0 0 0 47 4161 0.011295361691900985 0.18725099601593626
12 7 16 47 0.18725099601593626 0.06032203797164143 0.1834295077010567 0.09124872373998329 0.06072962070115135 47 4161 0.011295361691900985 0.18725099601593626
1 4 4 7 0.05982905982905983 0.028118240807498196 0.059168385159943264 0.038256726457399096 0.028266576999845198 11 4161 0.0026435952895938475 0.07971014492753623
21 4 4 4 0.17391304347826086 0.0055275174236962266 0.13361325204187277 0.010714493681942584 0.005581018770169778 11 4161 0.0026435952895938475 0.07971014492753623
22 4 4 0 0.0 0.004085556356645037 0 0 0 11 4161 0.0026435952895938475 0.07971014492753623
12 4 4 11 0.07971014492753623 0.03316510454217736 0.0786177212152165 0.04684100902568849 0.0333579626747987 11 4161 0.0026435952895938475 0.07971014492753623
1 4 512 1 0.05263157894736842 0.0045662100456621 0.04766399244926852 0.008403361344537815 0.004607874446826954 50 4161 0.01201634222542658 0.2857142857142857
21 4 512 49 0.30625 0.038452295121365054 0.28649486285447784 0.06832571495801541 0.03878811628989198 50 4161 0.01201634222542658 0.2857142857142857
22 4 512 0 0.0 0.004085556356645037 0 0 0 50 4161 0.01201634222542658 0.2857142857142857
12 4 512 50 0.2857142857142857 0.04205719778899303 0.27021448991759794 0.07332146223944695 0.04241533431322555 50 4161 0.01201634222542658 0.2857142857142857
1 4 8 1 0.022222222222222223 0.010814708002883922 0.021992538505088043 0.014548981571290007 0.010869955156950672 31 4161 0.007450132179764479 0.22142857142857142
21 4 8 32 0.32323232323232326 0.023792357606344627 0.2874174041456921 0.04432225976369856 0.024012606077853202 31 4161 0.007450132179764479 0.22142857142857142
22 4 8 0 0.0 0.004085556356645037 0 0 0 31 4161 0.007450132179764479 0.22142857142857142
12 4 8 31 0.22142857142857142 0.03364575823119442 0.20983335974161688 0.05841538181989488 0.03393065865760487 31 4161 0.007450132179764479 0.22142857142857142
1 4 64 10 0.0684931506849315 0.03508771929824561 0.06785354383607659 0.04640371229698376 0.035257976680862946 54 4161 0.012977649603460706 0.20610687022900764
21 4 64 47 0.3671875 0.030761836097092043 0.33131239547930796 0.056767837849314225 0.031043447215574203 54 4161 0.012977649603460706 0.20610687022900764
22 4 64 0 0.0 0.004085556356645037 0 0 0 54 4161 0.012977649603460706 0.20610687022900764
12 4 64 54 0.20610687022900764 0.06296563326123528 0.20156990441938 0.0964621017392905 0.06340159776065749 54 4161 0.012977649603460706 0.20610687022900764
1 4 256 0 0.0 0.0014419610670511895 0 0 0 80 4161 0.019226147560682527 0.29304029304029305
21 4 256 80 0.2962962962962963 0.06488824801730353 0.28619104590391037 0.10646162945438414 0.06539391922879778 80 4161 0.019226147560682527 0.29304029304029305
22 4 256 0 0.0 0.004085556356645037 0 0 0 80 4161 0.019226147560682527 0.29304029304029305
12 4 256 80 0.29304029304029305 0.06560922855082912 0.28331650778727374 0.10721412634477882 0.06611728984933965 80 4161 0.019226147560682527 0.29304029304029305
1 4 32 11 0.07236842105263158 0.0365296803652968 0.07167221733906409 0.04855172413793103 0.03670967635348345 18 4161 0.004325883201153569 0.09523809523809523
21 4 32 8 0.17391304347826086 0.011055034847392453 0.15177550553722519 0.020788611456332616 0.01115849213849884 18 4161 0.004325883201153569 0.09523809523809523
22 4 32 0 0.0 0.004085556356645037 0 0 0 18 4161 0.004325883201153569 0.09523809523809523
12 4 32 18 0.09523809523809523 0.04542177361211247 0.09421502287634925 0.06150842079570417 0.04565823416079764 18 4161 0.004325883201153569 0.09523809523809523
1 4 2 0 0.0 0.0007209805335255948 0 0 0 51 4161 0.012256669069935111 0.265625
21 4 2 51 0.26842105263157895 0.045662100456621 0.25605336806366785 0.07804728747417553 0.046040400429031104 51 4161 0.012256669069935111 0.265625
22 4 2 0 0.0 0.004085556356645037 0 0 0 51 4161 0.012256669069935111 0.265625
12 4 2 51 0.265625 0.046142754145638065 0.25367804071757866 0.07862691960252935 0.04652336413778855 51 4161 0.012256669069935111 0.265625
1 4 128 2 0.07407407407407407 0.006488824801730353 0.06714929452611362 0.011932383162081539 0.006547977078478478 31 4161 0.007450132179764479 0.2366412213740458
21 4 128 30 0.2777777777777778 0.02595529920692141 0.25343277340210496 0.04747461426875906 0.026190380149478207 31 4161 0.007450132179764479 0.2366412213740458
22 4 128 0 0.0 0.004085556356645037 0 0 0 31 4161 0.007450132179764479 0.2366412213740458
12 4 128 31 0.2366412213740458 0.03148281663061764 0.22229852077756598 0.055572280913022055 0.03175539732434952 31 4161 0.007450132179764479 0.2366412213740458
1 4 1024 0 0 0.0 0 0 0 77 4161 0.018505167027156932 0.29615384615384616
21 4 1024 77 0.2950191570881226 0.06272530641672674 0.28458434682832673 0.10345466619307213 0.06321814862490979 77 4161 0.018505167027156932 0.29615384615384616
22 4 1024 0 0.0 0.004085556356645037 0 0 0 77 4161 0.018505167027156932 0.29615384615384616
12 4 1024 77 0.29615384615384616 0.06248497957221821 0.28558003174115804 0.10319667420108918 0.06297695539643632 77 4161 0.018505167027156932 0.29615384615384616
1 4 16 1 0.012345679012345678 0.01946647440519106 0.012390554644299754 0.01510912143256855 0.019355937737335592 71 4161 0.017063205960105743 0.2508833922261484
21 4 16 71 0.3397129186602871 0.0502283105022831 0.32137429771561504 0.08751680860600627 0.050655696542317316 71 4161 0.017063205960105743 0.2508833922261484
22 4 16 0 0.0 0.004085556356645037 0 0 0 71 4161 0.017063205960105743 0.2508833922261484
12 4 16 71 0.2508833922261484 0.06801249699591444 0.24437766269191344 0.10701427354069024 0.06850690518161295 71 4161 0.017063205960105743 0.2508833922261484
1 6 4 2 0.017543859649122806 0.0273972602739726 0.017606554519306195 0.0213903743315508 0.02724575128135959 71 4161 0.017063205960105743 0.1903485254691689
21 6 4 70 0.25089605734767023 0.06705118961788031 0.24426496866397454 0.10582182595479409 0.06754119976205314 71 4161 0.017063205960105743 0.1903485254691689
22 6 4 0 0.0 0.004085556356645037 0 0 0 71 4161 0.017063205960105743 0.1903485254691689
12 6 4 71 0.1903485254691689 0.08964191300168228 0.1882545529098386 0.12188420471281297 0.09011395336920285 71 4161 0.017063205960105743 0.1903485254691689
1 6 512 0 0.0 0.0004806536890170632 0 0 0 100 4161 0.02403268445085316 0.3401360544217687
21 6 512 100 0.3412969283276451 0.07041576544099976 0.32877458060215536 0.11674492826960509 0.0709734918696583 100 4161 0.02403268445085316 0.3401360544217687
22 6 512 0 0.0 0.004085556356645037 0 0 0 100 4161 0.02403268445085316 0.3401360544217687
12 6 512 100 0.3401360544217687 0.07065609228550829 0.3277591973244147 0.11700654281484311 0.07121471964654245 100 4161 0.02403268445085316 0.3401360544217687
1 6 8 1 0.04 0.00600817111271329 0.037878219648670136 0.010447137484329292 0.006059151718759374 48 4161 0.011535688536409516 0.24870466321243523
21 6 8 47 0.27976190476190477 0.04037490987743331 0.26424941028182214 0.07056584044934783 0.040719892505071756 48 4161 0.011535688536409516 0.24870466321243523
22 6 8 0 0.0 0.004085556356645037 0 0 0 48 4161 0.011535688536409516 0.24870466321243523
12 6 8 48 0.24870466321243523 0.0463830809901466 0.23840832812689508 0.07818480274457014 0.04675970558592835 48 4161 0.011535688536409516 0.24870466321243523
1 6 64 10 0.06756756756756757 0.035568372987262675 0.0669710261154744 0.046603898353119 0.03573593847719192 38 4161 0.0091324200913242 0.1589958158995816
21 6 64 28 0.2857142857142857 0.023552030761836096 0.2573516029224409 0.043516873889875664 0.02376795864019806 38 4161 0.0091324200913242 0.1589958158995816
22 6 64 0 0.0 0.004085556356645037 0 0 0 38 4161 0.0091324200913242 0.1589958158995816
12 6 64 38 0.1589958158995816 0.05743811583753905 0.15626029561423443 0.08438991075037516 0.05780367801944442 38 4161 0.0091324200913242 0.1589958158995816
1 6 256 0 0.0 0.005046863734679163 0 0 0 55 4161 0.013217976447969237 0.34375
21 6 256 55 0.39568345323741005 0.03340543138668589 0.3573165568001185 0.0616095029334021 0.03371102529026531 55 4161 0.013217976447969237 0.34375
22 6 256 0 0.0 0.004085556356645037 0 0 0 55 4161 0.013217976447969237 0.34375
12 6 256 55 0.34375 0.038452295121365054 0.31869709970579324 0.06916743628539428 0.038793423275181024 55 4161 0.013217976447969237 0.34375
1 6 32 3 0.08108108108108109 0.008892093246815669 0.07504870032065228 0.016026566560785445 0.008971175567290216 65 4161 0.015621244893054553 0.3170731707317073
21 6 32 63 0.3620689655172414 0.0418168709444845 0.3365496940034525 0.0749746083530824 0.04218631689839454 65 4161 0.015621244893054553 0.3170731707317073
22 6 32 0 0.0 0.004085556356645037 0 0 0 65 4161 0.015621244893054553 0.3170731707317073
12 6 32 65 0.3170731707317073 0.049267003124248976 0.3008798414474515 0.0852827290473295 0.04968247625147549 65 4161 0.015621244893054553 0.3170731707317073
1 6 2 1 0.08333333333333333 0.002883922134102379 0.06529820591562954 0.005574912891986063 0.0029117536829359704 9 4161 0.0021629416005767843 0.2647058823529412
21 6 2 8 0.34782608695652173 0.0055275174236962266 0.2156216642688077 0.010882100718573498 0.005581905543128962 9 4161 0.0021629416005767843 0.2647058823529412
22 6 2 0 0.0 0.004085556356645037 0 0 0 9 4161 0.0021629416005767843 0.2647058823529412
12 6 2 9 0.2647058823529412 0.008171112713290074 0.20193532790152172 0.015852868799378316 0.008250277091426289 9 4161 0.0021629416005767843 0.2647058823529412
1 6 128 1 0.041666666666666664 0.005767844268204758 0.03924806916986448 0.01013299556681444 0.0058174696886789746 69 4161 0.01658255227108868 0.3520408163265306
21 6 128 68 0.3930635838150289 0.041576544099975965 0.36270425245615795 0.07519888007108223 0.04194793884877063 69 4161 0.01658255227108868 0.3520408163265306
22 6 128 0 0.0 0.004085556356645037 0 0 0 69 4161 0.01658255227108868 0.3520408163265306
12 6 128 69 0.3520408163265306 0.04710406152367219 0.330835619560497 0.08309039244297672 0.04751153036127885 69 4161 0.01658255227108868 0.3520408163265306
1 6 1024 0 0.0 0.0026435952895938475 0 0 0 69 4161 0.01658255227108868 0.359375
21 6 1024 69 0.3791208791208791 0.04373948570055275 0.35236972598207145 0.07843039287019139 0.0441259720629234 69 4161 0.01658255227108868 0.359375
22 6 1024 0 0.0 0.004085556356645037 0 0 0 69 4161 0.01658255227108868 0.359375
12 6 1024 69 0.359375 0.046142754145638065 0.3367421591344074 0.08178459316054115 0.046544419941669204 69 4161 0.01658255227108868 0.359375
1 6 16 1 0.022222222222222223 0.010814708002883922 0.021992538505088043 0.014548981571290007 0.010869955156950672 58 4161 0.013938956981494832 0.2013888888888889
21 6 16 57 0.23076923076923078 0.0593607305936073 0.22435495813635586 0.09443099273607747 0.05980051313971671 58 4161 0.013938956981494832 0.2013888888888889
22 6 16 0 0.0 0.004085556356645037 0 0 0 58 4161 0.013938956981494832 0.2013888888888889
12 6 16 58 0.2013888888888889 0.0692141312184571 0.19765180233976254 0.10302144429848095 0.06966683877898697 58 4161 0.013938956981494832 0.2013888888888889
1 1 4 5 0.028735632183908046 0.0418168709444845 0.028824910075924953 0.034063546132612914 0.041629239672992306 22 4161 0.005287190579187695 0.07885304659498207
21 1 4 17 0.14912280701754385 0.0273972602739726 0.14283931616821263 0.04628999319264806 0.02762048774210154 22 4161 0.005287190579187695 0.07885304659498207
22 1 4 0 0.0 0.004085556356645037 0 0 0 22 4161 0.005287190579187695 0.07885304659498207
12 1 4 22 0.07885304659498207 0.06705118961788031 0.07871586849681587 0.07247480561803724 0.06715069831253999 22 4161 0.005287190579187695 0.07885304659498207
1 1 512 5 0.05263157894736842 0.0228310502283105 0.051960078197345404 0.03184713375796178 0.022959763582632416 142 4161 0.034126411920211486 0.3093681917211329
21 1 512 138 0.3689839572192513 0.08988223984619081 0.3579781041076052 0.1445523978635866 0.09056046248549121 142 4161 0.034126411920211486 0.3093681917211329
22 1 512 0 0.0 0.0038452295121365054 0 0 0 142 4161 0.034126411920211486 0.3093681917211329
12 1 512 142 0.3093681917211329 0.110310021629416 0.303937834139974 0.16263132483222983 0.1110172725610981 142 4161 0.034126411920211486 0.3093681917211329
1 1 8 10 0.04950495049504951 0.04854602259072338 0.04949527051123117 0.04902079743732861 0.04855533480381284 126 4161 0.03028118240807498 0.2876712328767123
21 1 8 116 0.46963562753036436 0.0593607305936073 0.43955625331886505 0.10539926611916828 0.05987865282859682 126 4161 0.03028118240807498 0.2876712328767123
22 1 8 0 0.0 0.004085556356645037 0 0 0 126 4161 0.03028118240807498 0.2876712328767123
12 1 8 126 0.2876712328767123 0.10526315789473684 0.282818854590306 0.15412844036697249 0.10592818259002147 126 4161 0.03028118240807498 0.2876712328767123
1 1 64 7 0.056 0.03004085556356645 0.055524943972425696 0.039104397568823744 0.030179368751760815 146 4161 0.03508771929824561 0.31808278867102396
21 1 64 139 0.40173410404624277 0.08315308819995193 0.38705196239770595 0.1377864044291966 0.08381114226644519 146 4161 0.03508771929824561 0.31808278867102396
22 1 64 0 0.0 0.0031242489786109107 0 0 0 146 4161 0.03508771929824561 0.31808278867102396
12 1 64 146 0.31808278867102396 0.110310021629416 0.31225950499377036 0.16381096253057062 0.1110280802662267 146 4161 0.03508771929824561 0.31808278867102396
1 1 256 1 0.022222222222222223 0.010814708002883922 0.021992538505088043 0.014548981571290007 0.010869955156950672 147 4161 0.035328046142754144 0.34345794392523366
21 1 256 147 0.375 0.09420812304734438 0.3642508195766108 0.1505858249567834 0.0949117653639499 147 4161 0.035328046142754144 0.34345794392523366
22 1 256 0 0.0 0.004085556356645037 0 0 0 147 4161 0.035328046142754144 0.34345794392523366
12 1 256 147 0.34345794392523366 0.10285988944965152 0.3356837564283317 0.1583089157590542 0.10357828875438457 147 4161 0.035328046142754144 0.34345794392523366
1 1 32 2 0.022222222222222223 0.021629416005767843 0.022216193625492167 0.021921812203142124 0.021635130310603354 131 4161 0.03148281663061764 0.3447368421052632
21 1 32 130 0.436241610738255 0.07161739966354241 0.4153065437682365 0.12303607554935891 0.0722150189019177 131 4161 0.03148281663061764 0.3447368421052632
22 1 32 0 0.0 0.003604902667627974 0 0 0 131 4161 0.03148281663061764 0.3447368421052632
12 1 32 131 0.3447368421052632 0.091324200913242 0.33551881666918143 0.14439637355672516 0.09199374239527203 131 4161 0.03148281663061764 0.3447368421052632
1 1 2 1 0.017241379310344827 0.013938956981494832 0.01720103006509847 0.015415282392026579 0.013965441611199053 135 4161 0.032444124008651765 0.34974093264248707
21 1 2 135 0.40059347181008903 0.08099014659937515 0.3855303061130742 0.13473931740371742 0.08163500217074723 135 4161 0.032444124008651765 0.34974093264248707
22 1 2 0 0.0 0.004085556356645037 0 0 0 135 4161 0.032444124008651765 0.34974093264248707
12 1 2 135 0.34974093264248707 0.0927661619802932 0.3404046287076763 0.14663775746379432 0.09344596517881593 135 4161 0.032444124008651765 0.34974093264248707
1 1 128 5 0.044642857142857144 0.026916606584955538 0.04435365294207598 0.03358421541875318 0.02702284328470878 134 4161 0.03220379716414323 0.3094688221709007
21 1 128 132 0.39520958083832336 0.08026916606584955 0.3804309529073926 0.133436641202891 0.08090753023306825 134 4161 0.03220379716414323 0.3094688221709007
22 1 128 0 0.0 0.0038452295121365054 0 0 0 134 4161 0.03220379716414323 0.3094688221709007
12 1 128 134 0.3094688221709007 0.10406152367219418 0.30353662714382745 0.1557505875342085 0.10474990843220727 134 4161 0.03220379716414323 0.3094688221709007
1 1 1024 1 0.047619047619047616 0.005046863734679163 0.043948529868838196 0.009126466753585397 0.005091935727815508 137 4161 0.03292477769766883 0.38268156424581007
21 1 1024 136 0.39882697947214074 0.08195145397740927 0.3841214971695907 0.13596471297038745 0.08260123848529925 137 4161 0.03292477769766883 0.38268156424581007
22 1 1024 0 0.0 0.004085556356645037 0 0 0 137 4161 0.03292477769766883 0.38268156424581007
12 1 1024 137 0.38268156424581007 0.08603701033405431 0.3700490727307457 0.14048846998299963 0.08670245023161745 137 4161 0.03292477769766883 0.38268156424581007
1 1 16 7 0.0472972972972973 0.035568372987262675 0.047143377845820296 0.04060277086476847 0.03565591814091441 37 4161 0.008892093246815669 0.11935483870967742
21 1 16 30 0.17751479289940827 0.04061523672194184 0.17178196066328294 0.0661055733387226 0.04092774674558994 37 4161 0.008892093246815669 0.11935483870967742
22 1 16 0 0.0 0.004085556356645037 0 0 0 37 4161 0.008892093246815669 0.11935483870967742
12 1 16 37 0.11935483870967742 0.07450132179764479 0.11864759338862307 0.0917390834889645 0.07477956079990705 37 4161 0.008892093246815669 0.11935483870967742
1 2 4 7 0.047619047619047616 0.035328046142754144 0.04745557931477557 0.04056291390728477 0.0354185602129837 36 4161 0.008651766402307137 0.13688212927756654
21 2 4 31 0.25 0.029800528719057917 0.23295697624672157 0.053253167275069783 0.030062698633688274 36 4161 0.008651766402307137 0.13688212927756654
22 2 4 0 0.0 0.004085556356645037 0 0 0 36 4161 0.008651766402307137 0.13688212927756654
12 2 4 36 0.13688212927756654 0.06320596010574381 0.13532038168898167 0.08647957436119927 0.06354459956159869 36 4161 0.008651766402307137 0.13688212927756654
1 2 512 0 0.0 0.004806536890170632 0 0 0 77 4161 0.018505167027156932 0.3407079646017699
21 2 512 77 0.3632075471698113 0.0509492910358087 0.3424285592933617 0.08936308818336841 0.05138670075317028 77 4161 0.018505167027156932 0.3407079646017699
22 2 512 0 0.0 0.004085556356645037 0 0 0 77 4161 0.018505167027156932 0.3407079646017699
12 2 512 77 0.3407079646017699 0.05431386685892814 0.32380305294936607 0.09369186993401943 0.05476969456893159 77 4161 0.018505167027156932 0.3407079646017699
1 2 8 3 0.03 0.02403268445085316 0.029926428394353284 0.026686830049370634 0.024080108082333303 41 4161 0.009853400624849795 0.16205533596837945
21 2 8 38 0.24203821656050956 0.03773131458783946 0.22972240373493433 0.06528530861698227 0.03804931269629953 41 4161 0.009853400624849795 0.16205533596837945
22 2 8 0 0.0 0.004085556356645037 0 0 0 41 4161 0.009853400624849795 0.16205533596837945
12 2 8 41 0.16205533596837945 0.06080269166065849 0.15942674284003 0.08842760325646817 0.06118116860853899 41 4161 0.009853400624849795 0.16205533596837945
1 2 64 6 0.03508771929824561 0.0410958904109589 0.03513858285979357 0.03785488958990536 0.041026335386906775 51 4161 0.012256669069935111 0.17
21 2 64 46 0.32857142857142857 0.03364575823119442 0.3023325211512843 0.06104091826772698 0.033947453575641176 51 4161 0.012256669069935111 0.17
22 2 64 0 0.0 0.004085556356645037 0 0 0 51 4161 0.012256669069935111 0.17
12 2 64 51 0.17 0.07209805335255948 0.1677447466194598 0.10125375979034516 0.07251150808733478 51 4161 0.012256669069935111 0.17
1 2 256 2 0.028169014084507043 0.017063205960105743 0.02798864997989938 0.021252712714210878 0.01713007365860009 70 4161 0.01682287911559721 0.26022304832713755
21 2 256 69 0.3333333333333333 0.04974765681326604 0.3155249694390365 0.08657465495608532 0.05017025779838309 70 4161 0.01682287911559721 0.26022304832713755
22 2 256 0 0.0 0.004085556356645037 0 0 0 70 4161 0.01682287911559721 0.26022304832713755
12 2 256 70 0.26022304832713755 0.064647921172795 0.25265530988911133 0.10356652760628218 0.06513258971660373 70 4161 0.01682287911559721 0.26022304832713755
1 2 32 3 0.09090909090909091 0.007930785868781542 0.08237562096833988 0.014588859416445622 0.008003111921107036 18 4161 0.004325883201153569 0.21428571428571427
21 2 32 15 0.29411764705882354 0.012256669069935111 0.2395702525463932 0.02353266888150609 0.012374079150865754 18 4161 0.004325883201153569 0.21428571428571427
22 2 32 0 0.0 0.004085556356645037 0 0 0 18 4161 0.004325883201153569 0.21428571428571427
12 2 32 18 0.21428571428571427 0.020187454938716654 0.19565969419524457 0.036898748078190206 0.02037013916233685 18 4161 0.004325883201153569 0.21428571428571427
1 2 2 0 0.0 0.004085556356645037 0 0 0 43 4161 0.010334054313866858 0.2621951219512195
21 2 2 43 0.28859060402684567 0.03580869983177121 0.2697377223978262 0.0637119389033631 0.0361219662216659 43 4161 0.010334054313866858 0.2621951219512195
22 2 2 0 0.0 0.004085556356645037 0 0 0 43 4161 0.010334054313866858 0.2621951219512195
12 2 2 43 0.2621951219512195 0.03941360249939918 0.24829921182434303 0.06852622935686209 0.03974798869324271 43 4161 0.010334054313866858 0.2621951219512195
1 2 128 2 0.044444444444444446 0.010814708002883922 0.043116942254603406 0.01739634676717889 0.010896340915220714 55 4161 0.013217976447969237 0.27638190954773867
21 2 128 53 0.3375796178343949 0.03773131458783946 0.31295548985954963 0.06787610836032008 0.03806608122883154 55 4161 0.013217976447969237 0.27638190954773867
22 2 128 0 0.0 0.004085556356645037 0 0 0 55 4161 0.013217976447969237 0.27638190954773867
12 2 128 55 0.27638190954773867 0.047825042057197786 0.2638951719462252 0.08154036415650981 0.04821985298996065 55 4161 0.013217976447969237 0.27638190954773867
1 2 1024 0 0.0 0.011535688536409516 0 0 0 89 4161 0.02138908916125931 0.2908496732026144
21 2 1024 89 0.3371212121212121 0.06344628695025234 0.32331320916047007 0.10679393216294529 0.06396037624968344 89 4161 0.02138908916125931 0.2908496732026144
22 2 1024 0 0.0 0.004085556356645037 0 0 0 89 4161 0.02138908916125931 0.2908496732026144
12 2 1024 89 0.2908496732026144 0.07354001441961067 0.2825820899248392 0.11739678639552552 0.07408808621412996 89 4161 0.02138908916125931 0.2908496732026144
1 2 16 0 0.0 0.0031242489786109107 0 0 0 58 4161 0.013938956981494832 0.43609022556390975
21 2 16 58 0.48333333333333334 0.02883922134102379 0.41809558815657527 0.054430706426107964 0.029110244241806842 58 4161 0.013938956981494832 0.43609022556390975
22 2 16 0 0.0 0.004085556356645037 0 0 0 58 4161 0.013938956981494832 0.43609022556390975
12 2 16 58 0.43609022556390975 0.0319634703196347 0.38757301374265135 0.05956135846842221 0.0322594602759275 58 4161 0.013938956981494832 0.43609022556390975
1 9 4 2 0.15384615384615385 0.0031242489786109107 0.10411545476171595 0.006124131433282299 0.0031548507933380505 100 4161 0.02403268445085316 0.27624309392265195
21 9 4 98 0.28 0.08411439557798606 0.27368942637483457 0.129366106080207 0.08470109021205222 100 4161 0.02403268445085316 0.27624309392265195
22 9 4 0 0.0 0.004085556356645037 0 0 0 100 4161 0.02403268445085316 0.27624309392265195
12 9 4 100 0.27624309392265195 0.08699831771208844 0.2704189933804223 0.1323234833974237 0.08759244258480932 100 4161 0.02403268445085316 0.27624309392265195
1 9 512 0 0 0.0 0 0 0 33 4161 0.007930785868781542 0.2796610169491525
21 9 512 33 0.2796610169491525 0.028358567652006728 0.25710312980278 0.05149533513624312 0.02861313864364815 33 4161 0.007930785868781542 0.2796610169491525
22 9 512 0 0.0 0.004085556356645037 0 0 0 33 4161 0.007930785868781542 0.2796610169491525
12 9 512 33 0.2796610169491525 0.028358567652006728 0.25710312980278 0.05149533513624312 0.02861313864364815 33 4161 0.007930785868781542 0.2796610169491525
1 9 8 0 0.0 0.006248497957221821 0 0 0 87 4161 0.02090843547224225 0.32342007434944237
21 9 8 87 0.348 0.0600817111271329 0.3322364903727416 0.10247180847430078 0.06057794127379823 87 4161 0.02090843547224225 0.32342007434944237
22 9 8 0 0.0 0.004085556356645037 0 0 0 87 4161 0.02090843547224225 0.32342007434944237
12 9 8 87 0.32342007434944237 0.064647921172795 0.31109103886007394 0.10775655665242374 0.0651641448181062 87 4161 0.02090843547224225 0.32342007434944237
1 9 64 4 0.09090909090909091 0.01057438115837539 0.0845493807195449 0.018945102260495155 0.010667716474948626 83 4161 0.019947128094208122 0.25
21 9 64 79 0.2668918918918919 0.07113674597452535 0.25981310446861106 0.1123326167629433 0.07165712020771178 83 4161 0.019947128094208122 0.25
22 9 64 0 0.0 0.004085556356645037 0 0 0 83 4161 0.019947128094208122 0.25
12 9 64 83 0.25 0.07978851237683249 0.2448288198830324 0.12096921114957186 0.080330020985655 83 4161 0.019947128094208122 0.25
1 9 256 0 0.0 0.0021629416005767843 0 0 0 42 4161 0.010093727469358327 0.2346368715083799
21 9 256 42 0.2441860465116279 0.04133621725546743 0.23287145701371328 0.07070361054290272 0.04167902448699242 42 4161 0.010093727469358327 0.2346368715083799
22 9 256 0 0.0 0.004085556356645037 0 0 0 42 4161 0.010093727469358327 0.2346368715083799
12 9 256 42 0.2346368715083799 0.043018505167027155 0.22472595802965611 0.07270687562559536 0.0433691768350687 42 4161 0.010093727469358327 0.2346368715083799
1 9 32 0 0.0 0.0026435952895938475 0 0 0 41 4161 0.009853400624849795 0.2342857142857143
21 9 32 42 0.2545454545454545 0.03965392934390771 0.24158326033337676 0.06861827741389297 0.03998817374313884 41 4161 0.009853400624849795 0.2342857142857143
22 9 32 0 0.0 0.004085556356645037 0 0 0 41 4161 0.009853400624849795 0.2342857142857143
12 9 32 41 0.2342857142857143 0.04205719778899303 0.22414239456175356 0.07131285221591643 0.04240165352844891 41 4161 0.009853400624849795 0.2342857142857143
1 9 2 1 0.08333333333333333 0.002883922134102379 0.06529820591562954 0.005574912891986063 0.0029117536829359704 110 4161 0.026435952895938475 0.3107344632768362
21 9 2 109 0.315028901734104 0.08315308819995193 0.306564854876187 0.13157614715707394 0.08376352204931208 110 4161 0.026435952895938475 0.3107344632768362
22 9 2 0 0.0 0.004085556356645037 0 0 0 110 4161 0.026435952895938475 0.3107344632768362
12 9 2 110 0.3107344632768362 0.08507570295602018 0.3027828268014237 0.13357894845169854 0.08569184507096386 110 4161 0.026435952895938475 0.3107344632768362
1 9 128 0 0 0.0 0 0 0 51 4161 0.012256669069935111 0.2383177570093458
21 9 128 51 0.2372093023255814 0.05167027156933429 0.22906539811790197 0.08485659892584624 0.05207354474528414 51 4161 0.012256669069935111 0.2383177570093458
22 9 128 0 0.0 0.004085556356645037 0 0 0 51 4161 0.012256669069935111 0.2383177570093458
12 9 128 51 0.2383177570093458 0.05142994472482576 0.23004120988912127 0.0846023557500378 0.051832387763592766 51 4161 0.012256669069935111 0.2383177570093458
1 9 1024 0 0.0 0.0004806536890170632 0 0 0 64 4161 0.015380918048546022 0.3047619047619048
21 9 1024 64 0.3076923076923077 0.04998798365777457 0.2927495436239741 0.08600372131486458 0.05040597347256079 64 4161 0.015380918048546022 0.3047619047619048
22 9 1024 0 0.0 0.004085556356645037 0 0 0 64 4161 0.015380918048546022 0.3047619047619048
12 9 1024 64 0.3047619047619048 0.050468637346791634 0.2902805292384755 0.08659682220589941 0.05088905134116853 64 4161 0.015380918048546022 0.3047619047619048
1 9 16 8 0.038834951456310676 0.04950732996875751 0.038918017025463374 0.04352649094078495 0.049372989609745496 76 4161 0.0182648401826484 0.20485175202156333
21 9 16 71 0.37967914438502676 0.04494111992309541 0.35360230950304705 0.08036924939467312 0.045336867663673376 76 4161 0.0182648401826484 0.20485175202156333
22 9 16 0 0.0 0.004085556356645037 0 0 0 76 4161 0.0182648401826484 0.20485175202156333
12 9 16 76 0.20485175202156333 0.08916125931266522 0.20225341213448317 0.12424511486592184 0.08966261740213488 76 4161 0.0182648401826484 0.20485175202156333
1 10 4 1 0.014492753623188406 0.01658255227108868 0.014510859720027235 0.015467383994620039 0.016558911374539336 105 4161 0.025234318673395817 0.2631578947368421
21 10 4 105 0.31343283582089554 0.08050949291035808 0.3047046568842921 0.12811174038934314 0.0811062553756644 105 4161 0.025234318673395817 0.2631578947368421
22 10 4 0 0.0 0.004085556356645037 0 0 0 105 4161 0.025234318673395817 0.2631578947368421
12 10 4 105 0.2631578947368421 0.0958904109589041 0.2586900841566045 0.14056224899598393 0.09649769333660907 105 4161 0.025234318673395817 0.2631578947368421
1 10 512 0 0 0.0 0 0 0 30 4161 0.007209805335255948 0.23809523809523808
21 10 512 30 0.23809523809523808 0.03028118240807498 0.22294633941241396 0.05372905206600998 0.030545146619584032 30 4161 0.007209805335255948 0.23809523809523808
22 10 512 0 0.0 0.004085556356645037 0 0 0 30 4161 0.007209805335255948 0.23809523809523808
12 10 512 30 0.23809523809523808 0.03028118240807498 0.22294633941241396 0.05372905206600998 0.030545146619584032 30 4161 0.007209805335255948 0.23809523809523808
1 10 8 1 0.05 0.004806536890170632 0.04574171780530332 0.008770006577504933 0.004849939975990395 103 4161 0.024753664984378754 0.2761394101876676
21 10 8 102 0.288135593220339 0.08507570295602018 0.2814836220562145 0.131364395402901 0.08567349807303766 103 4161 0.024753664984378754 0.2761394101876676
22 10 8 0 0.0 0.004085556356645037 0 0 0 103 4161 0.024753664984378754 0.2761394101876676
12 10 8 103 0.2761394101876676 0.08964191300168228 0.27056609138678334 0.13534679555831125 0.09024537257797435 103 4161 0.024753664984378754 0.2761394101876676
1 10 64 3 0.14285714285714285 0.005046863734679163 0.11245427071735328 0.009749303621169917 0.005095532220052037 36 4161 0.008651766402307137 0.32432432432432434
21 10 64 33 0.358695652173913 0.022110069694784906 0.311712867472525 0.04165266125657682 0.02231741389444535 36 4161 0.008651766402307137 0.32432432432432434
22 10 64 0 0.0 0.0038452295121365054 0 0 0 36 4161 0.008651766402307137 0.32432432432432434
12 10 64 36 0.32432432432432434 0.026676279740447006 0.29205960506434636 0.04929772941764281 0.02692089959652268 36 4161 0.008651766402307137 0.32432432432432434
1 10 256 0 0 0.0 0 0 0 68 4161 0.016342225426580148 0.3333333333333333
21 10 256 68 0.33170731707317075 0.049267003124248976 0.3138906080284511 0.08579174269862419 0.049685876946341016 68 4161 0.016342225426580148 0.3333333333333333
22 10 256 0 0.0 0.004085556356645037 0 0 0 68 4161 0.016342225426580148 0.3333333333333333
12 10 256 68 0.3333333333333333 0.049026676279740444 0.31523385505117735 0.08548082966687617 0.049444220468813 68 4161 0.016342225426580148 0.3333333333333333
1 10 32 4 0.03571428571428571 0.026916606584955538 0.03559908232917192 0.030697546937097437 0.026982415632245325 42 4161 0.010093727469358327 0.19004524886877827
21 10 32 38 0.336283185840708 0.02715693342946407 0.3022219930342337 0.0502554319521087 0.027406370435744565 42 4161 0.010093727469358327 0.19004524886877827
22 10 32 0 0.0 0.004085556356645037 0 0 0 42 4161 0.010093727469358327 0.19004524886877827
12 10 32 42 0.19004524886877827 0.05311223263638548 0.18531480004791592 0.0830221419211728 0.053493854878855905 42 4161 0.010093727469358327 0.19004524886877827
1 10 2 0 0.0 0.005287190579187695 0 0 0 59 4161 0.014179283826003364 0.31216931216931215
21 10 2 59 0.34911242603550297 0.04061523672194184 0.32469413357432736 0.07276508793694811 0.04097372085257901 59 4161 0.014179283826003364 0.31216931216931215
22 10 2 0 0.0 0.004085556356645037 0 0 0 59 4161 0.014179283826003364 0.31216931216931215
12 10 2 59 0.31216931216931215 0.04542177361211247 0.29501553201370806 0.0793044591423085 0.04580933709179036 59 4161 0.014179283826003364 0.31216931216931215
1 10 128 0 0 0.0 0 0 0 72 4161 0.017303532804614274 0.3891891891891892
21 10 128 72 0.3870967741935484 0.044700793078586876 0.35980923560169314 0.08014650436281374 0.045095725796094624 72 4161 0.017303532804614274 0.3891891891891892
22 10 128 0 0.0 0.004085556356645037 0 0 0 72 4161 0.017303532804614274 0.3891891891891892
12 10 128 72 0.3891891891891892 0.044460466234078344 0.36144189880314614 0.0798042040998511 0.044853830464510136 72 4161 0.017303532804614274 0.3891891891891892
1 10 1024 0 0 0.0 0 0 0 23 4161 0.0055275174236962266 0.24210526315789474
21 10 1024 23 0.24210526315789474 0.0228310502283105 0.22108228486590403 0.04172714078374455 0.02303763574155799 23 4161 0.0055275174236962266 0.24210526315789474
22 10 1024 0 0.0 0.004085556356645037 0 0 0 23 4161 0.0055275174236962266 0.24210526315789474
12 10 1024 23 0.24210526315789474 0.0228310502283105 0.22108228486590403 0.04172714078374455 0.02303763574155799 23 4161 0.0055275174236962266 0.24210526315789474
1 10 16 1 0.08333333333333333 0.002883922134102379 0.06529820591562954 0.005574912891986063 0.0029117536829359704 7 4161 0.0016822879115597211 0.16279069767441862
21 10 16 6 0.1875 0.007690459024273011 0.15225413375626148 0.01477491342824163 0.007764179075793633 7 4161 0.0016822879115597211 0.16279069767441862
22 10 16 0 0.0 0.004085556356645037 0 0 0 7 4161 0.0016822879115597211 0.16279069767441862
12 10 16 7 0.16279069767441862 0.010334054313866858 0.1420428263723736 0.01943440082644628 0.010430773337487207 7 4161 0.0016822879115597211 0.16279069767441862
